X Z P
0.311960 0.013250 43034.316410
0.311960 0.016250 43033.390620
0.312326 0.021657 42726.667970
0.312326 0.019657 42726.351560
0.312364 0.014607 42600.675780
0.312729 0.021077 42460.339840
0.312729 0.004077 42460.214840
0.312691 0.011115 42506.542970
0.313045 0.013636 42379.800780
0.313145 0.016510 42322.636720
0.313145 0.008510 42322.511720
0.313410 0.001169 42255.226560
0.313587 0.009955 42181.312500
0.313587 0.001955 42180.875000
0.310585 0.012491 43977.089840
0.310510 0.019817 44175.187500
0.310585 0.007491 43976.464840
0.310787 0.020810 43853.671880
0.310787 0.005810 43853.511720
0.310787 0.021810 43853.480470
0.310800 0.022785 43796.359380
0.311027 0.008154 43671.367190
0.311229 0.015675 43497.574220
0.311304 0.023499 43402.328120
0.311304 0.003499 43402.152340
0.311619 0.004868 43311.265620
0.311619 0.006868 43311.078120
0.311746 0.014616 43238.605470
0.313789 0.013715 41999.789060
0.310257 0.023278 44311.675780
0.310258 0.017572 44330.578120
0.310258 0.020572 44330.585940
0.310283 0.009035 44247.714840
0.310295 0.011093 44301.191410
0.310321 0.021866 44275.351560
0.310321 0.012866 44275.289060
0.310434 0.021172 44250.605470
0.310283 0.026035 44247.582030
0.310333 0.011514 44205.359380
0.310371 0.021791 44156.105470
0.310371 0.024791 44156.371090
0.310434 0.017172 44250.503910
0.310485 0.009920 44220.074220
0.310509 0.024820 44175.988280
0.310372 0.028795 44155.667970
0.310485 0.020535 44017.324220
0.310485 0.024535 44016.054690
0.310509 0.026647 43954.429690
0.310534 0.014746 43914.609380
0.310535 0.012750 43913.894530
0.310649 0.023280 43813.031250
0.310838 0.011960 43606.585940
0.336817 -0.014220 38802.265620
0.336816 -0.012220 38801.726560
0.335795 0.003196 38854.566410
0.335795 -0.006804 38855.210940
0.338002 -0.010686 38750.863280
0.339439 -0.008241 38701.972660
0.339439 -0.012241 38701.847660
0.314520 0.014908 41691.976560
0.314520 0.004908 41691.808590
0.314583 0.004832 41623.781250
0.315012 0.013404 41540.273440
0.315012 0.010404 41539.910160
0.315415 0.014000 41328.652340
0.316033 0.004433 41164.289060
0.316033 0.000433 41164.152340
0.316286 0.009193 41071.667970
0.317093 0.006512 40854.015620
0.317093 0.004512 40853.484380
0.318202 0.001629 40579.609380
0.318202 0.015629 40579.585940
0.318114 0.000692 40649.820310
0.318202 0.006629 40579.199220
0.319073 0.001986 40407.003910
0.319337 0.000797 40285.089840
0.317194 -0.003576 40716.890620
0.319343 0.008793 40284.515620
0.320485 0.011990 40128.460940
0.320485 0.001990 40128.160160
0.322868 0.010489 39843.707030
0.321676 0.012230 39947.039060
0.322869 -0.000511 39843.644530
0.323032 -0.003599 39785.000000
0.324092 -0.005217 39663.476560
0.324092 -0.002217 39663.257810
0.325088 0.008228 39547.281250
0.325315 0.002102 39495.398440
0.325315 0.008102 39495.335940
0.326563 -0.007566 39431.824220
0.326564 0.002434 39431.566410
0.321015 0.004649 40068.000000
0.321670 -0.001767 39947.679690
0.321671 -0.006767 39947.332030
0.314041 0.005425 41815.679690
0.314041 0.016425 41815.414060
0.329086 0.007172 39236.535160
0.328734 0.009348 39261.062500
0.329086 -0.010828 39236.425780
0.329300 0.004072 39210.039060
0.327181 -0.008882 39347.121090
0.327812 0.002790 39308.375000
0.327812 0.005790 39308.187500
0.330359 0.005567 39137.164060
0.330359 -0.000433 39137.035160
0.331457 -0.006937 39078.492190
0.331633 0.003987 39030.695310
0.331633 -0.009013 39030.656250
0.332919 -0.007581 38991.781250
0.332919 -0.012581 38991.636720
0.333613 -0.004883 38943.890620
0.334218 -0.013148 38911.636720
0.334218 0.003852 38911.507810
0.310850 0.016024 43478.929690
0.310850 0.030024 43479.093750
0.311090 0.013742 43383.078120
0.311090 0.016742 43383.304690
0.311229 0.013133 43295.472660
0.311355 0.028449 43161.085940
0.311355 0.027449 43161.636720
0.311657 0.033142 42959.554690
0.311657 0.033142 42959.781250
0.311720 0.030281 42886.253910
0.311998 0.034836 42778.250000
0.312351 0.031504 42360.144530
0.312351 0.021504 42360.320310
0.312729 0.016160 42262.285160
0.312729 0.031160 42262.496090
0.312906 0.025475 42185.468750
0.313120 0.024816 42068.199220
0.313120 0.034816 42068.515620
0.313549 0.018446 41953.699220
0.313549 0.025446 41953.851560
0.313587 0.019509 41867.136720
0.311997 0.014836 42772.492190
0.312131 0.029102 42604.378910
0.312288 0.034391 42445.566410
0.313978 0.026064 41691.308590
0.313978 0.023064 41691.664060
0.314318 0.037518 41531.355470
0.314432 0.032682 41454.097660
0.314432 0.036682 41454.253910
0.314898 0.038275 41376.550780
0.314898 0.038275 41376.710940
0.315087 0.039502 41249.421880
0.315882 0.028460 40995.308590
0.315882 0.033460 40995.781250
0.316714 0.038393 40859.144530
0.316891 0.034583 40736.308590
0.316891 0.035583 40735.734380
0.317933 0.032675 40555.109380
0.317938 0.032680 40554.398440
0.317938 0.038680 40554.582030
0.318442 0.023184 40422.515620
0.317938 0.040680 40554.300780
0.319022 0.038739 40236.800780
0.319027 0.035744 40236.281250
0.320132 0.039785 40124.359380
0.320132 0.029786 40126.398440
0.320137 0.028790 40122.265620
0.320258 0.037887 39998.539060
0.320258 0.043887 39996.863280
0.321267 0.041795 39910.574220
0.321267 0.032795 39910.851560
0.322124 0.031539 39781.839840
0.322427 0.041778 39708.757810
0.322427 0.041778 39708.910160
0.323600 0.044749 39599.273440
0.323600 0.046749 39598.988280
0.324054 0.033115 39521.828120
0.324785 0.042695 39444.761720
0.324785 0.040695 39445.082030
0.325983 0.030628 39336.914060
0.325983 0.032628 39337.023440
0.326021 0.036641 39290.753910
0.327207 0.036536 39202.339840
0.327207 0.038536 39202.125000
0.328014 0.032129 39129.050780
0.328016 0.042131 39128.824220
0.328430 0.045432 39061.785160
0.328430 0.033432 39061.667970
0.329666 0.038315 39008.664060
0.329666 0.052315 39007.527340
0.330044 0.050580 38933.394530
0.330044 0.032579 38932.589840
0.330914 0.051185 38873.476560
0.330914 0.038185 38873.644530
0.332175 0.043030 38768.968750
0.332175 0.036030 38769.062500
0.332100 0.037979 38806.976560
0.333436 0.050875 38693.425780
0.333437 0.035875 38693.281250
0.335984 0.044527 38567.066410
0.335984 0.048527 38567.140620
0.334168 0.039354 38630.292970
0.335984 0.050527 38567.066410
0.335984 0.048527 38567.011720
0.335985 0.045528 38566.753910
0.336274 0.041703 38527.507810
0.336337 0.044753 38472.007810
0.337953 0.053763 38411.855470
0.337951 0.037762 38412.847660
0.338569 0.050141 38371.460940
0.339565 0.039746 38325.125000
0.338380 0.046027 38385.027340
0.340209 0.004469 38660.207030
0.342075 0.000775 38628.511720
0.342075 -0.015225 38628.464840
0.342075 -0.001225 38628.457030
0.342428 -0.014351 38617.582030
0.342794 -0.006477 38587.246090
0.344660 0.000867 38541.140620
0.344736 -0.017158 38520.628910
0.346022 -0.000600 38502.156250
0.346905 -0.001902 38483.890620
0.347397 -0.014066 38462.039060
0.347397 0.000934 38461.910160
0.349150 -0.004646 38415.273440
0.350070 -0.000949 38393.035160
0.350071 -0.004949 38392.996090
0.351407 -0.009365 38367.644530
0.352756 -0.002794 38338.281250
0.352757 -0.018794 38338.230470
0.355455 -0.020614 38296.988280
0.355456 -0.013614 38296.718750
0.354535 -0.010336 38307.562500
0.355934 -0.016752 38277.898440
0.358144 -0.010405 38263.695310
0.358154 -0.007408 38263.652340
0.358154 -0.004408 38263.628910
0.358205 -0.003421 38257.992190
0.358936 -0.012635 38238.152340
0.353665 -0.012071 38320.218750
0.360474 -0.013077 38210.601560
0.360865 -0.016177 38197.285160
0.360865 -0.013177 38197.281250
0.362164 -0.002543 38189.781250
0.362757 -0.013707 38183.058590
0.363577 -0.012934 38172.238280
0.363577 -0.022934 38172.179690
0.365040 -0.019325 38146.769530
0.368306 -0.006183 38119.023440
0.366301 -0.015666 38128.359380
0.366301 -0.021666 38128.347660
0.366301 -0.016666 38128.335940
0.367335 -0.020930 38119.734380
0.340511 0.044326 38275.617190
0.341167 0.052717 38226.785160
0.341167 0.059717 38226.945310
0.342642 0.059600 38161.152340
0.343790 0.042256 38098.730470
0.343790 0.059256 38098.621090
0.344799 0.044849 38043.066410
0.346426 0.062769 37987.507810
0.346426 0.048769 37987.406250
0.346968 0.047084 37938.296880
0.349074 0.063257 37893.289060
0.349074 0.061257 37893.218750
0.349137 0.063295 37851.484380
0.351319 0.060493 37776.695310
0.351735 0.063720 37744.878910
0.351735 0.063720 37744.921880
0.351738 0.052722 37744.777340
0.352479 0.048123 37712.738280
0.353513 0.062679 37683.683590
0.354421 0.061158 37634.218750
0.354421 0.056158 37634.332030
0.355707 0.066839 37594.265620
0.357107 0.067570 37557.609380
0.357107 0.048570 37557.468750
0.357914 0.053999 37503.441410
0.358936 0.050528 37462.445310
0.359806 0.066970 37431.625000
0.359806 0.057970 37431.691410
0.361219 0.062689 37397.222660
0.362353 0.058269 37348.652340
0.362518 0.071345 37314.429690
0.362517 0.063345 37314.519530
0.365229 0.066707 37254.203120
0.365229 0.070707 37254.027340
0.366818 0.061488 37193.285160
0.367965 0.055043 37154.292970
0.368306 0.072207 37148.804690
0.367965 0.068043 37154.265620
0.367966 0.071043 37154.257810
0.367966 0.068043 37154.265620
0.368306 -0.010183 38119.828120
0.368621 -0.006271 38113.675780
0.371269 -0.012952 38098.867190
0.371270 -0.018952 38098.832030
0.371812 -0.005091 38085.617190
0.374335 -0.021706 38057.773440
0.371812 -0.019091 38085.617190
0.371849 -0.008091 38071.625000
0.374346 -0.009709 38057.710940
0.374346 -0.021709 38057.433590
0.375772 -0.010062 38035.941410
0.377416 -0.014463 38020.121090
0.377423 -0.006465 38020.066410
0.377424 -0.016465 38020.042970
0.378824 -0.016793 38012.972660
0.379744 -0.015007 38006.011720
0.380513 -0.007184 37995.390620
0.380513 -0.020184 37995.386720
0.381535 -0.022424 37994.953120
0.383590 -0.015903 37986.003910
0.383590 -0.012903 37985.968750
0.383729 -0.026928 37977.972660
0.384763 -0.021168 37967.089840
0.386692 -0.027596 37952.363280
0.386693 -0.022596 37952.339840
0.387714 -0.019823 37948.746090
0.387991 -0.025886 37946.093750
0.389782 -0.028277 37936.945310
0.389782 -0.020277 37936.921880
0.391220 -0.024580 37927.929690
0.368621 0.058371 37122.386720
0.368306 0.064207 37144.351560
0.371181 0.055607 37062.765620
0.371181 0.072607 37062.773440
0.371181 0.059607 37062.746090
0.371180 0.063607 37062.871090
0.371849 0.070922 37024.472660
0.374120 0.068007 36969.628910
0.374120 0.062007 36969.507810
0.374927 0.073385 36926.484380
0.377071 0.078382 36869.054690
0.377071 0.060382 36869.195310
0.378685 0.059126 36817.367190
0.380034 0.067756 36777.183590
0.380034 0.060756 36776.453120
0.381396 0.062374 36741.488280
0.381402 0.061377 36740.808590
0.383010 0.065106 36696.804690
0.383010 0.065105 36696.917970
0.384763 0.073900 36651.507810
0.382443 0.068853 36723.800780
0.385986 0.077442 36629.335940
0.385987 0.082442 36629.312500
0.386226 0.077556 36606.425780
0.387991 0.064338 36558.472660
0.388975 0.081766 36527.128910
0.388975 0.070767 36527.070310
0.392885 -0.013946 37911.804690
0.394448 -0.014274 37909.324220
0.391699 -0.023694 37921.542970
0.392884 -0.010946 37911.835940
0.395987 -0.013589 37905.402340
0.399083 -0.018231 37890.863280
0.395987 -0.024589 37905.375000
0.397600 -0.018926 37896.609380
0.397677 -0.010942 37896.191410
0.399089 -0.024232 37890.863280
0.399089 -0.026232 37890.824220
0.399682 -0.031358 37875.515620
0.401082 -0.012636 37870.285160
0.402191 -0.018863 37870.273440
0.402192 -0.015863 37870.265620
0.404133 -0.017241 37865.972660
0.409279 -0.021250 37837.902340
0.410590 -0.030502 37833.390620
0.405306 -0.015481 37860.269530
0.405307 -0.017481 37860.246090
0.407362 -0.019884 37846.964840
0.407690 -0.020947 37838.933590
0.411523 -0.015679 37828.214840
0.411524 -0.017679 37828.210940
0.413819 -0.019107 37824.292970
0.415710 -0.026473 37811.917970
0.417047 -0.014713 37796.683590
0.417753 -0.021839 37793.730470
0.417754 -0.027839 37793.746090
0.420276 -0.032305 37799.945310
0.423504 -0.029886 37789.890620
0.423743 -0.030936 37776.871090
0.423996 -0.016974 37774.757810
0.423996 -0.017974 37774.753910
0.423997 -0.015974 37774.750000
0.426732 -0.016466 37771.500000
0.428309 -0.018743 37770.652340
0.390009 0.067220 36495.453120
0.391220 0.067750 36465.757810
0.391964 0.078078 36437.308590
0.391964 0.081078 36437.242190
0.393805 0.066872 36400.015620
0.394953 0.071377 36358.628910
0.394953 0.066377 36358.558590
0.394958 0.070379 36358.531250
0.396063 0.071844 36335.656250
0.397614 0.086512 36312.433590
0.396025 0.073831 36343.808590
0.396062 0.066843 36335.738280
0.397954 0.080651 36272.105470
0.397954 0.084651 36272.187500
0.400968 0.069924 36217.371090
0.400968 0.068924 36217.269530
0.401422 0.076114 36181.433590
0.403970 0.078185 36139.804690
0.403970 0.078185 36139.683590
0.405256 0.079703 36097.386720
0.406996 0.080421 36067.984380
0.406997 0.082421 36067.894530
0.407361 0.082572 36050.390620
0.407615 0.081674 36039.503910
0.409077 0.088279 36012.292970
0.410010 0.078657 35980.648440
0.410011 0.083657 35980.589840
0.411587 0.085288 35952.367190
0.412924 0.077830 35927.714840
0.413050 0.084868 35916.808590
0.413050 0.077868 35916.800780
0.413819 0.085183 35894.996090
0.416076 0.076078 35852.769530
0.416770 0.093356 35833.257810
0.416076 0.079079 35852.679690
0.417047 0.080457 35814.441410
0.419116 0.083277 35770.898440
0.419115 0.082277 35769.988280
0.420629 0.091869 35729.789060
0.420629 0.082869 35730.179690
0.422155 0.079462 35703.300780
0.422155 0.093462 35702.808590
0.423504 0.082979 35680.117190
0.423896 0.088130 35664.710940
0.424488 0.078357 35650.746090
0.425194 0.091635 35629.511720
0.425194 0.086635 35629.449220
0.426732 0.085215 35604.515620
0.424488 0.084357 35650.906250
0.428246 0.098795 35580.976560
0.428309 0.088808 35575.320310
0.428246 0.079795 35580.898440
0.428246 0.094795 35580.917970
0.428246 0.087795 35580.906250
0.428309 -0.036743 37757.824220
0.428310 -0.023743 37757.828120
0.429961 -0.028021 37760.488280
0.433189 -0.025588 37746.046880
0.433934 -0.025714 37726.453120
0.434955 -0.028891 37693.847660
0.436418 -0.037130 37715.417970
0.440679 -0.023849 37747.160160
0.440679 -0.023849 37747.156250
0.440681 -0.030849 37747.152340
0.441702 -0.038026 37743.046880
0.442874 -0.020215 37739.488280
0.439646 -0.020673 37750.601560
0.449331 -0.023262 37746.558590
0.454191 -0.032042 37721.894530
0.446103 -0.021732 37749.097660
0.445939 -0.022707 37744.882810
0.455206 -0.028207 37713.730470
0.455208 -0.031207 37713.722660
0.454197 -0.040043 37721.871090
0.455788 -0.034296 37711.007810
0.462245 -0.038305 37700.570310
0.467717 -0.025149 37683.812500
0.467719 -0.030150 37683.796880
0.468727 -0.028301 37677.871090
0.475159 -0.041272 37678.230470
0.481249 -0.026180 37663.855470
0.481250 -0.037180 37663.835940
0.482259 -0.033331 37649.660160
0.494796 -0.031146 37634.593750
0.487997 -0.032164 37648.175780
0.488072 -0.046176 37647.960940
0.494806 -0.037147 37634.578120
0.494807 -0.027147 37634.562500
0.495791 -0.047299 37627.179690
0.495793 -0.047299 37627.183590
0.500986 -0.046030 37625.726560
0.507443 -0.036938 37608.796880
0.508351 -0.049077 37595.285160
0.509335 -0.041203 37593.859380
0.513893 -0.042832 37594.921880
0.513900 -0.035833 37594.921880
0.520357 -0.043729 37585.441410
0.521918 -0.044943 37575.796880
0.521921 -0.036943 37575.785160
0.522892 -0.039082 37571.753910
0.526813 -0.046612 37562.753910
0.533270 -0.045482 37547.183590
0.535478 -0.048784 37535.914060
0.535475 -0.047784 37535.914060
0.536448 -0.035911 37532.152340
0.539727 -0.045352 37529.652340
0.546184 -0.041209 37521.039060
0.549044 -0.043587 37507.601560
0.549047 -0.035588 37507.593750
0.550005 -0.047714 37498.265620
0.552641 -0.048054 37491.503910
0.552641 -0.040054 37491.488280
0.559098 -0.037899 37478.308590
0.562616 -0.056366 37465.347660
0.563575 -0.039492 37458.644530
0.565554 -0.040744 37456.191410
0.562614 -0.045366 37465.371090
0.572011 -0.048577 37446.812500
0.576196 -0.046119 37427.917970
0.578468 -0.051409 37414.863280
0.584925 -0.043229 37400.750000
0.590708 -0.057972 37380.980470
0.590714 -0.050973 37380.972660
0.589775 -0.043846 37386.851560
0.591382 -0.047048 37374.484380
0.597839 -0.060855 37363.171880
0.604295 -0.061663 37341.089840
0.610752 -0.053470 37315.621090
0.616934 -0.059238 37290.304690
0.616942 -0.056239 37290.281250
0.616945 -0.054239 37290.257810
0.617865 -0.062352 37274.984380
0.623666 -0.057059 37267.324220
0.636580 -0.058635 37219.804690
0.643036 -0.060429 37195.992190
0.644119 -0.047555 37182.984380
0.644121 -0.056556 37182.960940
0.645017 -0.063669 37178.390620
0.649493 -0.061199 37170.800780
0.630123 -0.047853 37246.425780
0.655950 -0.055968 37152.117190
0.662407 -0.055725 37126.316410
0.668864 -0.057494 37102.945310
0.671295 -0.064784 37089.277340
0.671298 -0.051784 37089.273440
0.672193 -0.069885 37079.144530
0.675321 -0.063251 37068.453120
0.681777 -0.059007 37051.640620
0.684891 -0.052373 37029.105470
0.684894 -0.062373 37029.089840
0.684895 -0.063373 37029.082030
0.688234 -0.058751 37015.187500
0.691463 -0.056117 37008.097660
0.694691 -0.065483 36998.808590
0.698500 -0.063924 36984.925780
0.699370 -0.060025 36977.230470
0.701148 -0.058227 36969.933590
0.707605 -0.060946 36951.023440
0.712092 -0.058462 36929.417970
0.712095 -0.074463 36929.402340
0.712965 -0.072551 36921.257810
0.714062 -0.074677 36912.785160
0.720518 -0.072396 36892.996090
0.725699 -0.058963 36877.773440
0.725702 -0.064963 36877.761720
0.726559 -0.073064 36871.863280
0.726975 -0.057102 36865.367190
0.733432 -0.065808 36846.781250
0.739307 -0.060439 36824.515620
0.739309 -0.071439 36824.496090
0.740167 -0.073540 36806.875000
0.749574 -0.064536 36773.734380
0.753773 -0.068977 36753.523440
0.752926 -0.072889 36761.722660
0.752929 -0.078889 36761.695310
0.746346 -0.075196 36788.648440
0.753774 -0.062977 36753.515620
0.759259 -0.069558 36742.152340
0.767365 -0.072402 36704.218750
0.767366 -0.078402 36704.203120
0.765716 -0.067226 36719.144530
0.766534 -0.078314 36706.695310
0.767368 -0.068402 36704.191410
0.772173 -0.077882 36686.039060
0.778630 -0.071537 36660.714840
0.780155 -0.074701 36646.738280
0.780156 -0.077701 36646.738280
0.780988 -0.079777 36644.093750
0.785087 -0.079193 36637.824220
0.791544 -0.064824 36622.339840
0.793775 -0.068051 36609.027340
0.793776 -0.083051 36609.023440
0.794596 -0.066126 36600.402340
0.798000 -0.078454 36589.199220
0.804457 -0.066085 36572.347660
0.807407 -0.067362 36554.113280
0.807408 -0.077362 36554.101560
0.808215 -0.078438 36542.109380
0.810914 -0.081703 36534.078120
0.814137 -0.077005 36526.792970
0.814143 -0.079005 36526.777340
0.815025 -0.068081 36521.683590
0.815025 -0.080081 36521.679690
0.817371 -0.068308 36517.171880
0.821028 -0.081649 36508.371090
0.821028 -0.078649 36508.359380
0.821835 -0.078724 36503.308590
0.823828 -0.073901 36497.003910
0.828645 -0.077342 36484.328120
0.828645 -0.086342 36484.320310
0.830285 -0.079494 36473.402340
0.834660 -0.075884 36461.207030
0.834661 -0.085885 36461.195310
0.835455 -0.082960 36456.273440
0.836741 -0.071074 36448.414060
0.842277 -0.074553 36435.636720
0.842278 -0.071553 36435.625000
0.843198 -0.087641 36421.566410
0.848305 -0.088083 36404.578120
0.848306 -0.080083 36404.570310
0.849088 -0.084146 36400.195310
0.849655 -0.076196 36398.726560
0.856112 -0.071751 36390.273440
0.889229 -0.076412 36274.429690
0.889998 -0.072475 36272.964840
0.894853 -0.080841 36267.746090
0.888396 -0.080349 36282.082030
0.889228 -0.077412 36274.429690
0.896051 -0.073929 36262.125000
0.901310 -0.089320 36253.703120
0.902886 -0.078433 36247.183590
0.902886 -0.089433 36247.183590
0.903630 -0.088496 36243.312500
0.907767 -0.076786 36235.085940
0.868751 -0.078797 36346.859380
0.861937 -0.089243 36376.562500
0.862719 -0.069306 36361.085940
0.862720 -0.071306 36361.054690
0.868761 -0.071798 36346.824220
0.875553 -0.080350 36327.027340
0.875584 -0.079353 36326.945310
0.875583 -0.090352 36326.972660
0.876353 -0.075416 36314.636720
0.881939 -0.075857 36302.316410
0.882406 -0.078895 36291.164060
0.909709 -0.085925 36227.707030
0.914223 -0.083253 36218.988280
0.916531 -0.082404 36213.246090
0.916531 -0.084404 36213.246090
0.917288 -0.091467 36207.757810
0.920680 -0.080694 36199.398440
0.923366 -0.079871 36191.660160
0.927137 -0.079123 36179.910160
0.930188 -0.088325 36171.269530
0.930189 -0.078325 36171.261720
0.930933 -0.088375 36163.878910
0.930933 -0.089375 36163.875000
0.933594 -0.089552 36161.367190
0.934187 -0.078590 36161.214840
0.937029 -0.088779 36155.789060
0.940051 -0.087968 36153.277340
0.937024 -0.080779 36155.812500
0.943846 -0.095208 36148.542970
0.943847 -0.092208 36148.539060
0.944578 -0.087246 36144.195310
0.946508 -0.091359 36141.425780
0.950682 -0.080624 36134.730470
0.952964 -0.082750 36129.121090
0.957517 -0.079015 36122.585940
0.957517 -0.092015 36122.578120
0.958236 -0.087065 36119.101560
0.959421 -0.081128 36115.535160
0.964352 -0.094406 36109.578120
0.964353 -0.087406 36109.574220
0.965878 -0.086494 36104.640620
0.971188 -0.082784 36098.898440
0.971894 -0.077822 36095.945310
0.972335 -0.093847 36091.445310
0.978022 -0.096150 36085.578120
0.978023 -0.085150 36085.578120
0.978729 -0.092188 36078.371090
0.984857 -0.086490 36068.742190
0.984858 -0.083490 36068.730470
0.985564 -0.088528 36062.281250
0.991457 -0.084818 36059.261720
0.991705 -0.081831 36057.871090
0.992399 -0.080869 36055.429690
0.998162 -0.084134 36052.386720
0.998528 -0.093146 36048.968750
0.992399 -0.091869 36055.429690
0.992399 -0.094869 36055.433590
0.998528 -0.086146 36048.964840
0.999222 -0.082184 36048.671880
1.004619 -0.096424 36046.285160
1.006057 -0.090487 36042.789060
1.006057 -0.085487 36042.785160
1.011076 -0.082701 36038.507810
1.012198 -0.088751 36036.144530
1.012198 -0.098751 36036.144530
1.012892 -0.089777 36035.277340
1.017533 -0.082966 36033.222660
1.019727 -0.079054 36030.101560
1.019727 -0.082054 36030.097660
1.023990 -0.098218 36025.953120
1.025881 -0.083294 36024.953120
1.025881 -0.084294 36024.953120
1.026562 -0.084319 36023.183590
1.030446 -0.095458 36021.250000
1.033397 -0.093559 36018.031250
1.033398 -0.087559 36018.027340
1.036903 -0.079685 36014.281250
1.039564 -0.090773 36014.902340
1.039564 -0.089773 36014.902340
1.040233 -0.079798 36011.589840
1.043360 -0.083899 36010.402340
1.047068 -0.080013 36007.738280
1.047068 -0.096013 36007.730470
1.049817 -0.100088 36004.796880
1.053234 -0.097189 36001.851560
1.053235 -0.085189 36001.851560
1.053903 -0.084214 35999.710940
1.056274 -0.087277 36006.335940
1.062731 -0.093454 36006.988280
1.066929 -0.087555 35997.390620
1.066930 -0.100555 35997.382810
1.067586 -0.082580 35993.785160
1.069188 -0.098605 35998.832030
1.075644 -0.081757 36002.070310
1.080612 -0.093857 35996.160160
1.080613 -0.098858 35996.152340
1.081256 -0.094870 35992.351560
1.082101 -0.082895 35997.035160
1.088558 -0.085009 36002.750000
1.094295 -0.097110 35999.113280
1.094296 -0.098110 35999.105470
1.094939 -0.083110 35998.585940
1.101472 -0.085198 36009.109380
1.108621 -0.085299 36003.261720
1.107978 -0.097286 36004.992190
1.107979 -0.097286 36004.957030
1.108622 -0.088299 36003.269530
1.114385 -0.099349 36020.882810
1.120842 -0.091400 36021.734380
1.121674 -0.087400 36014.851560
1.121675 -0.098400 36014.851560
1.122293 -0.094412 36019.039060
1.122294 -0.085412 36019.046880
1.127299 -0.082425 36034.628910
1.133756 -0.098463 36038.128910
1.135357 -0.086463 36031.433590
1.135975 -0.090463 36032.722660
1.140213 -0.098463 36048.851560
1.146670 -0.087463 36056.261720
1.149052 -0.095463 36049.433590
1.149053 -0.088463 36049.429690
1.149658 -0.097450 36047.347660
1.153126 -0.091438 36063.921880
1.159583 -0.086412 36076.414060
1.162735 -0.088387 36068.105470
1.162736 -0.096387 36068.097660
1.163341 -0.088387 36063.832030
1.166040 -0.095362 36082.343750
1.172497 -0.099299 36098.636720
1.176418 -0.088261 36093.304690
1.176419 -0.082261 36093.296880
1.177024 -0.084248 36090.800780
1.178954 -0.098223 36105.992190
1.185410 -0.087135 36122.964840
1.190113 -0.088072 36120.863280
1.190114 -0.091072 36120.859380
1.190695 -0.092059 36117.156250
1.191867 -0.093034 36128.730470
1.198324 -0.083908 36147.117190
1.203796 -0.095807 36150.445310
1.203797 -0.094807 36150.441410
1.204377 -0.089794 36147.593750
1.204781 -0.087782 36154.425780
1.211238 -0.091631 36175.804690
1.217479 -0.082492 36184.195310
1.217480 -0.080492 36184.187500
1.218048 -0.083479 36189.464840
1.224151 -0.085303 36213.289060
1.230608 -0.098126 36222.730470
1.231162 -0.099101 36218.601560
1.231163 -0.083101 36218.589840
1.231731 -0.093088 36223.937500
1.231733 -0.081088 36223.957030
1.237065 -0.087912 36248.070310
1.243522 -0.098697 36260.761720
1.244846 -0.095659 36260.175780
1.245401 -0.096634 36264.691410
1.249979 -0.091470 36285.894530
1.256436 -0.081231 36301.441410
1.258527 -0.098155 36301.660160
1.258529 -0.080155 36301.660160
1.259071 -0.080130 36302.820310
1.262886 -0.093966 36320.910160
1.262892 -0.098966 36320.945310
1.269349 -0.089701 36342.449220
1.272197 -0.086575 36341.472660
1.272200 -0.083575 36341.468750
1.272742 -0.091550 36340.183590
1.275806 -0.097411 36360.031250
1.282263 -0.080108 36382.230470
1.285867 -0.080944 36383.746090
1.285870 -0.090944 36383.742190
1.286399 -0.081919 36384.070310
1.288720 -0.088806 36402.976560
1.295177 -0.087478 36429.316410
1.299538 -0.086251 36440.304690
1.299540 -0.092251 36440.308590
1.300070 -0.095226 36443.375000
1.301633 -0.085137 36455.429690
1.308090 -0.084772 36481.835940
1.313208 -0.092494 36493.332030
1.313211 -0.078494 36493.332030
1.313727 -0.094456 36494.691410
1.314547 -0.078418 36504.332030
1.321004 -0.088027 36532.250000
1.326878 -0.089675 36546.640620
1.326881 -0.080674 36546.640620
1.327385 -0.090637 36555.570310
1.333918 -0.084220 36583.246090
1.341030 -0.090754 36605.902340
1.340536 -0.093792 36599.015620
1.340539 -0.077792 36599.015620
1.341030 -0.092754 36605.917970
1.346831 -0.083363 36637.714840
1.354196 -0.080858 36666.503910
1.353288 -0.093921 36661.496090
1.354194 -0.090859 36666.492190
1.354675 -0.093821 36673.671880
1.359745 -0.078442 36699.562500
1.366202 -0.078976 36721.792970
1.367839 -0.085850 36727.351560
1.367839 -0.078850 36727.355470
1.367841 -0.091850 36727.359380
1.368321 -0.075824 36731.000000
1.372652 -0.084484 36755.902340
1.372659 -0.090484 36755.941410
1.379116 -0.089979 36783.406250
1.381484 -0.089803 36789.007810
1.381487 -0.079803 36789.007810
1.381966 -0.087765 36791.992190
1.385572 -0.083462 36819.527340
1.392029 -0.074933 36844.406250
1.395129 -0.084681 36855.238280
1.395132 -0.085680 36855.242190
1.395598 -0.073643 36859.984380
1.398486 -0.086390 36882.648440
1.404943 -0.076835 36911.953120
1.408774 -0.077508 36923.785160
1.408777 -0.078508 36923.789060
1.409231 -0.083470 36927.839840
1.411400 -0.086268 36947.394530
1.417857 -0.086688 36976.898440
1.422407 -0.071285 36991.304690
1.422409 -0.079284 36991.308590
1.422850 -0.084234 36994.773440
1.424313 -0.072095 37009.121090
1.430770 -0.073490 37046.808590
1.436026 -0.083998 37068.128910
1.436029 -0.084998 37068.132810
1.436470 -0.072960 37071.593750
1.437227 -0.073884 37082.835940
1.443684 -0.073241 37117.296880
1.449659 -0.082661 37138.664060
1.449661 -0.068661 37138.667970
1.450090 -0.073611 37151.906250
1.456598 -0.065955 37186.636720
1.463279 -0.071274 37217.773440
1.463281 -0.079274 37217.808590
1.463282 -0.084274 37217.808590
1.463698 -0.084224 37231.703120
1.469511 -0.068606 37265.933590
1.463700 -0.079223 37231.726560
1.475968 -0.079925 37293.421880
1.476889 -0.082824 37301.667970
1.477305 -0.066786 37308.527340
1.477307 -0.065786 37308.542970
1.482425 -0.078218 37339.445310
1.488882 -0.066512 37368.765620
1.490496 -0.076336 37380.257810
1.490899 -0.074298 37388.222660
1.490902 -0.075298 37388.242190
1.490906 -0.080297 37388.277340
1.495339 -0.079793 37421.707030
1.501795 -0.070062 37451.203120
1.504091 -0.072797 37462.773440
1.504494 -0.071759 37469.000000
1.504497 -0.066759 37469.011720
1.508252 -0.066318 37493.167970
1.514709 -0.065561 37528.500000
1.517698 -0.071221 37542.589840
1.518076 -0.063170 37553.125000
1.518079 -0.064170 37553.136720
1.521166 -0.065805 37580.851560
1.527623 -0.059023 37614.828120
1.531280 -0.056581 37632.539060
1.531658 -0.058543 37639.066410
1.531661 -0.070543 37639.070310
1.534080 -0.063241 37660.203120
1.540536 -0.056446 37691.621090
1.544875 -0.060917 37716.851560
1.545240 -0.054866 37725.519530
1.545243 -0.064866 37725.539060
1.546993 -0.069652 37746.371090
1.553450 -0.059832 37782.800780
1.558444 -0.053202 37806.214840
1.558810 -0.069151 37812.953120
1.566354 -0.064181 37865.488280
1.558812 -0.070151 37812.980470
1.559907 -0.068012 37826.101560
1.566364 -0.064180 37865.539060
1.572026 -0.064449 37893.441410
1.572379 -0.052398 37901.347660
1.572379 -0.062398 37901.355470
1.572382 -0.060398 37901.410160
1.572821 -0.061348 37923.027340
1.572822 -0.054347 37923.085940
1.579277 -0.054490 37955.503910
1.585595 -0.067658 37985.433590
1.585949 -0.057620 38004.402340
1.585951 -0.053620 38004.429690
1.592191 -0.063775 38034.304690
1.598638 -0.062906 38074.878910
1.598648 -0.058905 38074.925780
1.599165 -0.060842 38091.851560
1.599505 -0.057791 38101.531250
1.605105 -0.058022 38132.914060
1.614785 -0.060699 38192.460940
1.611562 -0.064139 38167.890620
1.612719 -0.060988 38183.394530
1.614790 -0.058698 38192.500000
1.615979 -0.060534 38205.929690
1.618018 -0.065257 38229.656250
1.624475 -0.055349 38261.691410
1.626273 -0.046110 38275.507810
1.626601 -0.051059 38282.265620
1.626606 -0.061059 38282.300780
1.626609 -0.059058 38282.316410
1.630932 -0.047441 38316.648440
1.637389 -0.047533 38365.058590
1.643846 -0.044612 38411.835940
1.650303 -0.041704 38446.066410
1.653392 -0.056263 38460.914060
1.653695 -0.049225 38470.917970
1.653697 -0.055224 38470.929690
1.656760 -0.051783 38499.500000
1.659988 -0.054317 38520.035160
1.663216 -0.051850 38544.687500
1.669673 -0.054917 38596.589840
1.676130 -0.056984 38634.277340
1.680474 -0.048354 38660.925780
1.680481 -0.051353 38660.957030
1.680783 -0.053315 38671.000000
1.680786 -0.044315 38671.054690
1.683936 -0.040849 38693.722660
1.695490 -0.039160 38777.839840
1.689044 -0.045105 38735.550780
1.695500 -0.048159 38777.910160
1.701957 -0.044213 38821.585940
1.705186 -0.046734 38848.539060
1.707569 -0.038393 38861.460940
1.707847 -0.033356 38865.960940
1.707849 -0.046355 38866.039060
1.708414 -0.043267 38882.644530
1.721318 -0.042377 38964.277340
1.714871 -0.045321 38922.937500
1.721328 -0.042376 38964.351560
1.727785 -0.031417 39021.804690
1.734241 -0.028471 39058.140620
1.734922 -0.048371 39083.437500
1.740698 -0.035526 39113.304690
1.734658 -0.032408 39074.558590
1.747155 -0.033580 39151.039060
1.748200 -0.044429 39169.128910
1.748203 -0.032428 39169.156250
1.750383 -0.044113 39183.160160
1.753612 -0.033634 39213.199220
1.760069 -0.027701 39248.464840
1.761998 -0.040423 39274.769530
1.761999 -0.040423 39274.789060
1.761746 -0.044449 39266.507810
1.766526 -0.026767 39306.773440
1.772982 -0.042822 39342.011720
1.772238 -0.035935 39331.867190
1.775530 -0.039456 39371.257810
1.775531 -0.032456 39371.277340
1.779439 -0.031901 39401.820310
1.775529 -0.024456 39371.250000
1.775303 -0.031494 39360.750000
1.785896 -0.037980 39437.050780
1.789074 -0.021526 39471.816410
1.789075 -0.027526 39471.835940
1.792353 -0.030060 39490.601560
1.788847 -0.023552 39458.640620
1.795581 -0.033606 39511.476560
1.798810 -0.021152 39538.718750
1.802618 -0.027610 39575.777340
1.802620 -0.037609 39575.781250
1.805267 -0.028244 39591.640620
1.802404 -0.032635 39565.812500
1.811723 -0.026348 39624.929690
1.816175 -0.016731 39665.042970
1.815961 -0.029756 39656.167970
1.818041 -0.036478 39677.265620
1.816175 -0.021731 39665.046880
1.824607 -0.029587 39711.656250
1.829522 -0.021916 39748.671880
1.824637 -0.025583 39711.789060
1.829732 -0.016889 39759.144530
1.829732 -0.019889 39759.148440
1.831094 -0.026713 39774.886720
1.829529 -0.024915 39748.707030
1.829731 -0.022890 39759.140620
1.837551 -0.023855 39808.781250
1.843099 -0.018124 39841.242190
1.843289 -0.018099 39848.343750
1.844008 -0.029010 39861.296880
1.843289 -0.024099 39848.343750
1.850464 -0.022178 39899.273440
1.856669 -0.028384 39928.703120
1.856858 -0.015358 39952.031250
1.856859 -0.028358 39952.058590
1.863467 -0.020539 39994.101560
1.869835 -0.024757 40019.765620
1.870264 -0.016706 40029.808590
1.870441 -0.020694 40045.984380
1.876292 -0.023987 40068.824220
1.870440 -0.018694 40045.968750
1.877049 -0.027899 40088.253910
1.882749 -0.017231 40110.273440
1.884023 -0.011079 40131.691410
1.889205 -0.012499 40153.230470
1.884022 -0.017079 40131.675780
1.883846 -0.014105 40124.703120
1.890656 -0.009323 40173.375000
1.890656 -0.016323 40173.406250
1.895662 -0.007768 40196.667970
1.895485 -0.015793 40190.125000
1.897617 -0.008553 40216.339840
1.902119 -0.017074 40237.175780
1.897617 -0.023553 40216.324220
1.897453 -0.022579 40208.542970
1.897453 -0.014579 40208.539060
1.904415 -0.016835 40258.062500
1.908576 -0.013393 40277.207030
1.904263 -0.021847 40250.296880
1.904414 -0.006835 40258.046880
1.911225 -0.011128 40297.507810
1.915033 -0.010737 40316.964840
1.911073 -0.017141 40288.886720
1.911224 -0.012128 40297.492190
1.918035 -0.015447 40337.656250
1.921490 -0.004107 40356.343750
1.917883 -0.023460 40328.324220
1.918034 -0.015447 40337.640620
1.924832 -0.009792 40381.871090
1.927946 -0.004502 40394.453120
1.931497 -0.010174 40415.062500
1.924831 -0.011792 40381.859380
1.924693 -0.010804 40371.929690
1.931655 -0.020161 40422.082030
1.934403 -0.017921 40433.656250
1.931654 -0.012161 40422.082030
1.931503 -0.018174 40415.089840
1.938465 -0.012556 40458.906250
1.940860 -0.006367 40469.832030
1.938464 -0.009556 40458.906250
1.938325 -0.022568 40451.718750
1.945274 -0.017988 40493.765620
1.947317 -0.013837 40505.035160
1.945274 -0.002988 40493.765620
1.945148 -0.010001 40487.136720
1.952097 -0.017459 40528.011720
1.953774 -0.014333 40539.515620
1.952096 -0.016459 40528.011720
1.951970 -0.013471 40522.156250
1.958920 -0.002954 40561.355470
1.960231 -0.009866 40572.867190
1.958919 -0.014954 40561.355470
1.958793 -0.007967 40556.257810
1.965741 -0.008488 40596.320310
1.965742 -0.019488 40596.328120
1.965628 -0.013500 40589.640620
1.966689 -0.001424 40603.980470
1.968150 -0.001336 40611.570310
1.972443 -0.015059 40622.265620
1.972577 -0.015059 40625.148440
1.972577 -0.004059 40625.164060
1.972450 -0.012059 40622.281250
1.973144 -0.002021 40636.539060
1.979399 -0.010668 40670.292970
1.979400 -0.009668 40670.308590
1.979286 -0.012668 40653.992190
1.979410 -0.011667 40670.335940
1.986234 -0.010315 40701.539060
1.986234 -0.004315 40701.554690
1.986121 -0.004315 40694.375000
1.986058 -0.012327 40685.785160
1.986235 -0.010315 40701.566410
1.992515 -0.012025 40717.007810
1.992956 -0.018012 40726.832030
1.993070 0.001001 40730.355470
1.998972 -0.006772 40743.738280
1.993070 -0.009999 40730.347660
1.999905 0.001265 40756.753910
2.005429 -0.004558 40769.375000
1.999905 -0.008735 40756.746090
1.999804 -0.011735 40753.113280
2.006741 -0.009508 40781.902340
2.011885 -0.014382 40793.738280
2.006740 -0.007508 40781.894530
2.006639 0.001480 40778.074220
2.013576 -0.015331 40805.597660
2.018342 -0.002243 40816.851560
2.013575 -0.001331 40805.589840
2.013487 0.000656 40801.457030
2.020411 -0.005205 40828.054690
2.024799 -0.006167 40838.652340
2.020410 -0.002205 40828.046880
2.020322 -0.013205 40823.562500
2.027259 -0.018129 40849.164060
2.031256 -0.013117 40859.164060
2.027258 -0.007129 40849.152340
2.027170 -0.014129 40844.285160
2.034094 0.000883 40869.371090
2.037713 -0.016129 40878.527340
2.034093 -0.013117 40869.359380
2.034017 -0.008117 40863.957030
2.040929 -0.005142 40890.179690
2.044169 -0.001192 40896.234380
2.047695 -0.005230 40905.671880
2.040928 -0.002142 40890.167970
2.040853 -0.006142 40881.828120
2.047777 -0.008230 40910.222660
2.050626 -0.002293 40911.765620
2.047776 -0.009230 40910.222660
2.047700 -0.017230 40905.683590
2.054612 0.001618 40922.496090
2.057083 -0.003457 40924.726560
2.054611 -0.006382 40922.496090
2.054548 -0.011382 40918.167970
2.061447 -0.006596 40934.132810
2.063540 -0.000672 40936.296880
2.061446 -0.001596 40934.132810
2.061383 -0.000583 40930.871090
2.068282 -0.016861 40943.593750
2.069997 -0.002949 40945.500000
2.068282 -0.010861 40943.593750
2.068218 -0.012861 40941.390620
2.075117 -0.019201 40949.308590
2.076454 -0.005277 40949.375000
2.075117 -0.002201 40949.308590
2.075066 -0.018201 40948.496090
2.081953 -0.014605 40947.601560
2.082911 -0.000680 40946.882810
2.081952 -0.017605 40947.601560
2.081889 0.000395 40948.281250
2.088774 -0.013084 40945.402340
2.088775 -0.002084 40945.406250
2.088724 -0.015084 40944.792970
2.095584 -0.005639 40938.179690
2.095585 -0.019639 40938.179690
2.095546 -0.018639 40938.781250
2.091852 -0.002336 40944.156250
2.095595 -0.012640 40938.175780
2.102356 -0.010257 40938.546880
2.102394 -0.006269 40935.175780
2.102395 -0.001270 40935.164060
2.108738 -0.020925 40928.226560
2.109166 -0.019963 40926.640620
2.109205 -0.019963 40922.597660
2.115195 -0.006657 40912.535160
2.109204 -0.018963 40922.609380
2.116002 -0.011758 40905.191410
2.121652 -0.009476 40896.695310
2.116002 -0.002758 40905.199220
2.115964 -0.010745 40908.707030
2.122787 -0.017628 40888.308590
2.128109 -0.013372 40875.683590
2.122786 -0.012628 40888.320310
2.122761 -0.005615 40893.472660
2.129533 -0.023574 40864.316410
2.134565 -0.005355 40846.500000
2.143052 -0.007768 40798.945310
2.147479 -0.008575 40776.390620
2.143052 -0.012768 40798.960940
2.136306 -0.010620 40832.324220
2.141022 -0.025415 40813.781250
2.136305 -0.023620 40832.335940
2.136305 -0.008620 40832.335940
2.149787 -0.011004 40758.730470
2.153936 -0.026824 40739.613280
2.149786 -0.013004 40758.738280
2.156496 -0.023341 40723.710940
2.156496 -0.024340 40723.714840
2.157164 -0.012479 40722.484380
2.159688 -0.022019 40719.191410
2.159699 -0.017022 40719.175780
2.160393 -0.030173 40709.527340
2.163192 -0.015766 40706.257810
2.163621 -0.010867 40704.019530
2.163192 -0.022766 40706.257810
2.166849 -0.020611 40598.820310
2.169863 -0.016304 40392.480470
0.428309 0.082808 35546.593750
0.429519 0.098274 35542.101560
0.429961 0.086438 35524.031250
0.432784 0.095497 35484.675780
0.433189 0.090649 35454.312500
0.434740 0.095229 35422.933590
0.434740 0.096229 35422.960940
0.434740 0.087229 35422.968750
0.434738 0.093228 35422.980470
0.434741 0.085229 35422.777340
0.436052 0.101708 35372.000000
0.436418 0.094847 35363.925780
0.441286 0.101625 35306.531250
0.441286 0.104625 35306.515620
0.442610 0.101092 35277.144530
0.445884 0.097275 35224.035160
0.436771 0.100973 35368.523440
0.439646 0.089020 35343.050780
0.439332 0.102907 35373.980470
0.439331 0.103906 35374.050780
0.445889 0.105277 35223.945310
0.447843 0.086971 35176.125000
0.447844 0.098971 35176.109380
0.449180 0.095437 35144.464840
0.452472 0.088585 35087.664060
0.454414 0.108266 35047.585940
0.454414 0.104266 35047.570310
0.455763 0.090732 35019.742190
0.459054 0.105855 34963.273440
0.461009 0.097523 34934.621090
0.461009 0.111523 34934.605470
0.462243 0.094939 34908.550780
0.462359 0.103977 34883.667970
0.465663 0.102087 34840.789060
0.467617 0.101730 34816.480470
0.467618 0.111730 34816.460940
0.468980 0.098184 34780.996090
0.472296 0.106269 34731.367190
0.474238 0.114899 34698.621090
0.475613 0.109341 34668.261720
0.474238 0.095899 34698.589840
0.474238 0.103899 34698.601560
0.478929 0.115400 34627.285160
0.480871 0.106018 34598.484380
0.480872 0.113018 34598.429690
0.482259 0.113459 34559.804690
0.485588 0.103506 34519.382810
0.487517 0.119099 34493.539060
0.487518 0.103099 34493.511720
0.488917 0.117540 34459.714840
0.492247 0.109562 34422.078120
0.494176 0.118142 34391.609380
0.494176 0.109142 34391.542970
0.495589 0.120570 34359.136720
0.495589 0.119570 34359.160160
0.498930 0.105567 34327.832030
0.500847 0.118147 34299.824220
0.500848 0.107147 34299.792970
0.502273 0.112563 34266.898440
0.505614 0.116547 34232.789060
0.507531 0.117101 34201.390620
0.507531 0.122102 34201.367190
0.508969 0.121518 34178.687500
0.512311 0.126476 34148.453120
0.514228 0.117018 34116.671880
0.514228 0.116018 34116.648440
0.514229 0.127019 34116.644530
0.515666 0.110422 34090.890620
0.515668 0.119423 34090.871090
0.519033 0.115368 34064.402340
0.520937 0.128898 34031.855470
0.525754 0.123222 33997.191410
0.527658 0.120739 33952.191410
0.527659 0.129739 33952.148440
0.532488 0.128038 33913.828120
0.534392 0.125542 33877.375000
0.534393 0.115542 33877.343750
0.539222 0.114816 33839.218750
0.541124 0.116319 33804.351560
0.541127 0.124320 33804.253910
0.541126 0.118320 33804.304690
0.545982 0.117569 33769.484380
0.547874 0.123048 33736.902340
0.547873 0.121048 33736.921880
0.547881 0.124050 33736.859380
0.552741 0.129271 33690.746090
0.554634 0.138738 33671.183590
0.554633 0.122738 33671.199220
0.559514 0.127948 33628.500000
0.559098 0.139847 33647.082030
0.561393 0.129402 33619.058590
0.561392 0.140402 33619.074220
0.565554 0.131411 33588.480470
0.566286 0.141588 33566.949220
0.568164 0.133029 33558.210940
0.568165 0.124029 33558.195310
0.572011 0.129937 33538.167970
0.573070 0.138189 33525.863280
0.574950 0.131631 33513.417970
0.574949 0.142631 33513.441410
0.578468 0.125438 33483.199220
0.579868 0.131766 33469.625000
0.581735 0.136182 33455.371090
0.581734 0.140182 33455.390620
0.584925 0.140901 33440.882810
0.586678 0.134304 33432.570310
0.588532 0.144708 33411.796880
0.588531 0.130708 33411.816410
0.591382 0.145338 33395.042970
0.593488 0.132805 33381.863280
0.595338 0.136208 33361.187500
0.595342 0.128209 33361.140620
0.595342 0.139209 33361.117190
0.595341 0.135209 33361.152340
0.597839 0.141751 33351.140620
0.600298 0.148280 33341.742190
0.600298 0.141281 33341.722660
0.602152 0.134672 33320.140620
0.604295 0.148125 33313.265620
0.607120 0.130718 33299.722660
0.607121 0.134718 33299.695310
0.608962 0.146109 33271.796880
0.610752 0.133475 33265.855470
0.613950 0.147130 33254.968750
0.613955 0.137131 33254.953120
0.613956 0.140131 33254.929690
0.615784 0.138509 33235.660160
0.617209 0.135799 33231.609380
0.620790 0.139518 33215.386720
0.620791 0.146518 33215.367190
0.622619 0.133884 33202.960940
0.623666 0.147098 33190.429690
0.626373 0.138627 33177.222660
0.626894 0.142729 33170.367190
0.627625 0.143880 33164.871090
0.627626 0.150880 33164.871090
0.629455 0.139233 33163.523440
0.630123 0.143359 33157.019530
0.634473 0.155204 33143.363280
0.634474 0.138204 33143.355470
0.636290 0.136545 33127.550780
0.641334 0.151503 33103.539060
0.641334 0.143503 33103.523440
0.643034 0.157818 33091.027340
0.643138 0.140831 33080.796880
0.648181 0.149764 33073.703120
0.648182 0.150764 33073.695310
0.649985 0.149105 33060.468750
0.655042 0.149012 33049.832030
0.655042 0.143013 33049.820310
0.656846 0.145340 33030.359380
0.661915 0.156236 33006.664060
0.661915 0.161236 33006.648440
0.663706 0.152538 32996.320310
0.668788 0.155421 32992.601560
0.670564 0.156723 32979.917970
0.668788 0.162421 32992.570310
0.670566 0.149724 32979.910160
0.675321 0.152531 32967.636720
0.675661 0.145594 32956.476560
0.675661 0.144594 32956.445310
0.677439 0.154884 32944.718750
0.682546 0.158729 32930.972660
0.682547 0.161729 32930.968750
0.684312 0.157019 32931.011720
0.688234 0.146662 32927.011720
0.689419 0.160851 32921.171880
0.689420 0.148851 32921.171880
0.691185 0.147129 32914.386720
0.694691 0.147684 32906.398440
0.696318 0.147949 32903.640620
0.696318 0.150949 32903.632810
0.698068 0.155213 32879.816410
0.698071 0.153213 32879.773440
0.700140 0.150541 32868.402340
0.700144 0.160542 32868.414060
0.703204 0.150021 32871.042970
0.704944 0.163285 32866.265620
0.707605 0.166689 32867.218750
0.703203 0.157020 32871.046880
0.710101 0.157067 32866.312500
0.710102 0.157067 32866.300780
0.711842 0.167332 32852.363280
0.714062 0.160660 32852.332030
0.717000 0.152089 32846.878910
0.717000 0.154089 32846.863280
0.718728 0.153341 32825.429690
0.721636 0.157769 32817.074220
0.721642 0.157770 32817.050780
0.723898 0.162098 32813.253910
0.723899 0.153098 32813.253910
0.725626 0.165350 32812.343750
0.726975 0.158539 32816.957030
0.730809 0.165081 32813.625000
0.730809 0.160081 32813.617190
0.732524 0.167321 32808.421880
0.733432 0.157447 32806.105470
0.737707 0.156040 32799.933590
0.737708 0.156040 32799.929690
0.739423 0.173279 32795.894530
0.739889 0.173342 32786.363280
0.744618 0.172985 32769.031250
0.744618 0.162986 32769.019530
0.746321 0.158213 32765.007810
0.751529 0.161906 32768.699220
0.751529 0.169906 32768.695310
0.753232 0.173133 32764.470700
0.758452 0.173814 32759.156250
0.758453 0.175814 32759.148440
0.760130 0.159029 32750.017580
0.765363 0.158697 32741.628910
0.765364 0.160697 32741.615230
0.767041 0.161911 32723.253910
0.772286 0.172567 32717.880860
0.772287 0.161567 32717.878910
0.773951 0.169769 32719.167970
0.778630 0.161336 32721.357420
0.779210 0.170412 32718.048830
0.779210 0.167412 32718.048830
0.780875 0.176614 32716.605470
0.785087 0.159118 32712.191410
0.786133 0.166244 32708.445310
0.786134 0.162244 32708.445310
0.787786 0.160433 32706.435550
0.791544 0.177875 32698.568360
0.793057 0.168051 32690.962890
0.793057 0.171051 32690.958980
0.794709 0.161241 32680.429690
0.798000 0.172619 32675.626950
0.799993 0.168846 32680.234380
0.799993 0.172846 32680.234380
0.801633 0.161035 32677.820310
0.804457 0.162350 32679.732420
0.806916 0.170628 32680.021480
0.806917 0.178628 32680.015620
0.808556 0.175804 32670.835940
0.810914 0.173069 32670.283200
0.813852 0.166384 32670.562500
0.817371 0.175763 32662.904300
0.813853 0.162385 32670.552730
0.814143 0.177422 32665.169920
0.820789 0.171129 32652.335940
0.822403 0.173305 32639.574220
0.823828 0.182456 32634.466800
0.827724 0.178860 32631.158200
0.827726 0.183860 32631.160160
0.830285 0.179125 32636.546880
0.834661 0.173579 32637.375000
0.836262 0.173743 32633.396480
0.836741 0.174793 32630.806640
0.841596 0.169272 32627.628910
0.841598 0.174272 32627.628910
0.843198 0.168436 32624.828120
0.848533 0.175953 32617.326170
0.850122 0.174117 32605.714840
0.855481 0.167634 32591.787110
0.855482 0.173634 32591.777340
0.855484 0.168635 32591.759770
0.859340 0.178987 32588.414060
0.858484 0.170912 32583.226560
0.859346 0.178988 32588.425780
0.862418 0.173278 32589.453120
0.862569 0.182290 32584.820310
0.863994 0.183429 32582.832030
0.869366 0.169921 32580.863280
0.869026 0.176895 32582.833980
0.869367 0.170921 32580.859380
0.875482 0.170476 32576.384770
0.876315 0.178551 32570.292970
0.877866 0.171690 32567.767580
0.881939 0.184043 32563.685550
0.883263 0.169157 32560.785160
0.883264 0.172157 32560.785160
0.888396 0.186598 32550.841800
0.890212 0.186762 32540.277340
0.891623 0.173875 32533.119140
0.891751 0.179888 32527.917970
0.891756 0.180888 32527.908200
0.894853 0.174153 32529.320310
0.897160 0.189342 32530.875000
0.897162 0.175342 32530.875000
0.901310 0.189682 32531.130860
0.904110 0.184909 32527.224610
0.905636 0.183036 32520.025390
0.907767 0.182200 32519.759770
0.911058 0.187464 32515.087890
0.911059 0.175464 32515.080080
0.914223 0.173717 32511.015620
0.918020 0.179019 32505.039060
0.919520 0.174133 32498.576170
0.920680 0.179221 32496.191410
0.924968 0.192549 32491.082030
0.924969 0.184549 32491.078120
0.927137 0.184700 32483.457030
0.931930 0.182066 32471.554690
0.933417 0.182167 32460.400390
0.936125 0.181368 32454.636720
0.938878 0.191570 32457.984380
0.936822 0.181419 32455.916020
0.938879 0.187570 32457.986330
0.940051 0.173646 32457.529300
0.945840 0.177062 32452.199220
0.947315 0.175163 32445.035160
0.952788 0.176541 32439.753910
0.952789 0.177542 32439.746090
0.959421 0.183983 32427.373050
0.959749 0.178008 32420.273440
0.961212 0.185096 32417.787110
0.965878 0.189412 32411.957030
0.966710 0.193462 32406.861330
0.966711 0.190462 32406.859380
0.972335 0.195815 32399.263670
0.973672 0.179903 32392.330080
0.975110 0.178992 32385.955080
0.978792 0.195219 32374.339840
0.980633 0.194332 32367.048830
0.980634 0.183332 32367.041020
0.980640 0.178333 32367.029300
0.985249 0.178610 32358.468750
0.987594 0.176748 32353.894530
0.989019 0.192837 32346.937500
0.991705 0.193988 32346.394530
0.994555 0.196152 32346.039060
0.994556 0.184152 32346.033200
0.998162 0.186354 32338.953120
1.001517 0.190543 32330.128910
1.002929 0.191619 32322.353520
1.004619 0.197707 32320.148440
1.008478 0.189921 32312.960940
1.008479 0.196921 32312.955080
1.011076 0.197060 32306.597660
1.015452 0.198287 32298.582030
1.016839 0.183363 32292.830080
1.017533 0.197400 32287.589840
1.022413 0.180640 32279.820310
1.022414 0.196640 32279.816410
1.023990 0.180716 32272.777340
1.029375 0.196981 32262.138670
1.030762 0.192044 32249.251950
1.036348 0.191308 32240.966800
1.036349 0.188308 32240.951170
1.036903 0.189334 32229.960940
1.036914 0.190334 32229.939450
1.044670 0.193687 32203.044920
1.043310 0.190624 32213.935550
1.044672 0.183687 32203.027340
1.046580 0.186775 32200.544920
1.049817 0.192914 32195.892580
1.047891 0.189826 32199.261720
1.050283 0.181926 32191.076170
1.050285 0.196926 32191.066410
1.056274 0.197179 32183.896480
1.057245 0.186216 32177.880860
1.058594 0.183267 32174.425780
1.062731 0.198431 32167.007810
1.064218 0.186494 32161.400390
1.064220 0.185494 32161.396480
1.069188 0.198683 32152.222660
1.071180 0.196759 32144.994140
1.072414 0.185809 32138.927730
1.072517 0.198809 32134.076170
1.075644 0.182923 32130.250000
1.078153 0.198011 32125.648440
1.078155 0.198011 32125.640620
1.082101 0.190137 32115.142580
1.085128 0.183251 32104.500000
1.086439 0.182288 32095.640620
1.088558 0.184351 32092.359380
1.092089 0.196465 32084.011720
1.092089 0.191465 32084.021480
1.093401 0.191503 32077.806640
1.095015 0.200553 32074.039060
1.099063 0.185679 32065.464840
1.099062 0.183679 32065.472660
1.100362 0.190717 32060.558590
1.101472 0.185742 32055.105470
1.106037 0.185868 32046.125000
1.106036 0.186868 32046.130860
1.107323 0.183906 32042.037110
1.107929 0.184919 32035.695310
1.113011 0.189058 32026.433590
1.113010 0.202058 32026.439450
1.114285 0.200083 32017.343750
1.119985 0.197222 32005.177730
1.119984 0.194222 32005.185550
1.121258 0.187247 31993.882810
1.126959 0.187373 31983.111330
1.126958 0.182373 31983.123050
1.128220 0.199398 31971.228520
1.133932 0.196512 31959.429690
1.133933 0.198512 31959.417970
1.135181 0.188537 31950.316410
1.140213 0.198625 31941.419920
1.140894 0.192638 31935.296880
1.140893 0.184638 31935.298830
1.142142 0.200663 31931.269530
1.146670 0.186726 31922.015620
1.147868 0.188751 31916.271480
1.147867 0.188751 31916.273440
1.149116 0.200764 31911.708980
1.153126 0.185814 31902.478520
1.154842 0.197840 31897.126950
1.154841 0.198839 31897.128910
1.156077 0.197852 31892.060550
1.156083 0.198852 31892.046880
1.159583 0.196890 31881.906250
1.161816 0.198915 31877.626950
1.161815 0.189915 31877.630860
1.163039 0.201928 31868.777340
1.166040 0.193966 31862.460940
1.168789 0.199991 31856.701170
1.168789 0.202991 31856.708980
1.170013 0.198991 31847.117190
1.172497 0.191016 31843.281250
1.175763 0.195029 31835.710940
1.175763 0.193029 31835.720700
1.176974 0.195041 31827.781250
1.178954 0.186054 31824.554690
1.182737 0.193067 31816.458980
1.182737 0.193067 31816.466800
1.183935 0.200067 31811.339840
1.185410 0.195079 31806.687500
1.189711 0.186079 31798.228520
1.189710 0.185079 31798.234380
1.190909 0.196092 31794.160160
1.191867 0.187092 31788.455080
1.196685 0.192092 31779.804690
1.196684 0.198092 31779.808590
1.197870 0.196079 31776.257810
1.198324 0.189079 31769.525390
1.203637 0.199067 31761.121090
1.203659 0.190067 31761.099610
1.204832 0.184067 31750.330080
1.203658 0.198067 31761.107420
1.210632 0.198041 31739.914060
1.210633 0.184041 31739.894530
1.211805 0.198029 31729.464840
1.217607 0.183991 31720.841800
1.218765 0.200978 31711.492190
1.217606 0.200991 31720.853520
1.218767 0.193978 31711.476560
1.224580 0.199928 31697.783200
1.224151 0.184928 31703.023440
1.224580 0.186928 31697.757810
1.225741 0.183915 31694.998050
1.230608 0.196852 31687.406250
1.231554 0.188840 31682.363280
1.231554 0.197840 31682.363280
1.232702 0.193827 31678.513670
1.237065 0.188764 31670.593750
1.238528 0.201751 31666.123050
1.238528 0.199751 31666.123050
1.239663 0.192726 31661.712890
1.243522 0.184663 31653.945310
1.245502 0.183625 31650.298830
1.245502 0.196625 31650.298830
1.246624 0.196612 31645.029300
1.249979 0.202537 31638.261720
1.252476 0.202499 31635.353520
1.252475 0.190499 31635.359380
1.253598 0.185474 31627.794920
1.256436 0.190411 31625.070310
1.259450 0.200348 31621.085940
1.259449 0.194348 31621.095700
1.260559 0.195310 31612.900390
1.262892 0.202259 31610.671880
1.266424 0.187171 31603.890620
1.266423 0.188171 31603.898440
1.267521 0.188146 31598.412110
1.269349 0.201095 31596.802730
1.273398 0.197982 31591.843750
1.273397 0.201982 31591.849610
1.274482 0.184957 31588.214840
1.275806 0.197906 31584.964840
1.280372 0.188780 31579.896480
1.280371 0.192780 31579.900390
1.281443 0.187742 31577.259770
1.282263 0.196717 31573.179690
1.287333 0.187553 31567.960940
1.287332 0.195553 31567.962890
1.288405 0.198515 31562.705080
1.288413 0.181515 31562.697270
1.294307 0.201301 31556.251950
1.294306 0.183301 31556.251950
1.295366 0.183263 31549.072270
1.301280 0.194036 31542.576170
1.301280 0.187036 31542.582030
1.302327 0.200998 31535.929690
1.308081 0.193759 31532.648440
1.308242 0.199759 31528.923830
1.308090 0.183759 31532.630860
1.308241 0.182759 31528.927730
1.309288 0.199708 31524.607420
1.315215 0.195456 31517.593750
1.314547 0.180481 31521.066410
1.315216 0.182456 31517.589840
1.316250 0.182406 31515.183590
1.321004 0.185179 31510.052730
1.329138 0.197788 31495.123050
1.329138 0.181788 31495.125000
1.323218 0.192077 31502.093750
1.330172 0.198737 31490.531250
1.333918 0.199535 31485.013670
1.328341 0.197826 31495.599610
1.327461 0.180863 31497.003910
1.322177 0.188128 31506.482420
1.322176 0.186128 31506.484380
1.323211 0.188078 31502.101560
1.336112 0.198422 31485.169920
1.336111 0.184422 31485.169920
1.337121 0.191371 31484.306640
1.340375 0.195182 31489.662110
1.343073 0.194044 31492.632810
1.343073 0.197044 31492.636720
1.344082 0.179981 31484.634770
1.346831 0.196817 31484.640620
1.350035 0.178640 31483.960940
1.350034 0.193640 31483.968750
1.351031 0.192577 31478.521480
1.353288 0.181438 31480.419920
1.356996 0.196211 31480.109380
1.356995 0.181211 31480.113280
1.357980 0.197148 31477.277340
1.359745 0.182035 31477.373050
1.363957 0.191770 31476.326170
1.363957 0.190770 31476.328120
1.364941 0.180694 31474.373050
1.366202 0.183619 31472.380860
1.370919 0.181303 31469.572270
1.370918 0.196303 31469.572270
1.371889 0.188228 31467.710940
1.372659 0.197177 31463.386720
1.377867 0.180811 31457.345700
1.377867 0.189812 31457.347660
1.378838 0.192736 31451.705080
1.378847 0.184735 31451.697270
1.384828 0.193294 31446.505860
1.384828 0.179294 31446.501950
1.385787 0.180231 31452.328120
1.391777 0.182765 31468.654300
1.391776 0.180765 31468.648440
1.392723 0.182689 31470.376950
1.392732 0.195688 31470.376950
1.398486 0.188235 31470.816410
1.398725 0.187210 31469.478520
1.398726 0.187210 31469.478520
1.399671 0.183134 31469.410160
1.404943 0.185705 31472.468750
1.405687 0.190642 31473.076170
1.405686 0.183642 31473.076170
1.406608 0.175567 31472.201170
1.411400 0.193151 31471.375000
1.412636 0.174037 31470.078120
1.412635 0.187037 31470.080080
1.413556 0.188961 31466.505860
1.417857 0.174570 31459.763670
1.419571 0.189419 31455.923830
1.424313 0.191990 31465.642580
1.419572 0.184419 31455.921880
1.420492 0.182343 31455.130860
1.426520 0.188776 31479.142580
1.426520 0.177776 31479.136720
1.427428 0.192700 31486.105470
1.430770 0.192372 31500.529300
1.433469 0.183120 31507.166020
1.433468 0.190120 31507.167970
1.434364 0.176032 31504.185550
1.437227 0.181742 31509.160160
1.440405 0.190427 31512.656250
1.440404 0.184427 31512.662110
1.441288 0.180338 31508.513670
1.443684 0.188099 31510.968750
1.447341 0.178720 31508.666020
1.447340 0.179720 31508.673830
1.448224 0.179632 31503.644530
1.450141 0.176418 31503.835940
1.454271 0.187990 31512.117190
1.454277 0.187989 31512.146480
1.454277 0.176989 31512.138670
1.455147 0.189888 31520.757810
1.456598 0.175737 31536.421880
1.461213 0.188232 31558.123050
1.461213 0.172232 31558.111330
1.462071 0.189131 31564.367190
1.463054 0.187018 31569.458980
1.468137 0.178450 31579.980470
1.468136 0.168450 31579.970700
1.468994 0.184350 31583.277340
1.469511 0.175286 31584.009770
1.475073 0.184643 31585.980470
1.475072 0.176643 31585.978520
1.475918 0.179542 31581.345700
1.481996 0.173824 31582.578120
1.481996 0.181824 31582.566410
1.482828 0.172723 31602.400390
1.488920 0.184966 31631.746090
1.488919 0.182966 31631.732420
1.489753 0.181865 31642.841800
1.489752 0.171865 31642.832030
1.495339 0.183159 31656.677730
1.495830 0.172096 31662.744140
1.496663 0.180995 31663.589840
1.496664 0.181995 31663.589840
1.501795 0.184327 31662.599610
1.502754 0.164200 31659.787110
1.503561 0.168087 31663.882810
1.509655 0.172281 31686.849610
1.509663 0.180280 31686.902340
1.509665 0.171280 31686.916020
1.510472 0.165166 31713.371090
1.514709 0.181586 31734.117190
1.516576 0.165334 31744.519530
1.516574 0.174334 31744.517580
1.517370 0.179221 31747.638670
1.521166 0.166691 31758.183590
1.523486 0.181363 31765.195310
1.523485 0.170363 31765.197270
1.524268 0.165250 31759.544920
1.527623 0.163770 31760.914060
1.530385 0.174379 31769.876950
1.530383 0.178379 31769.871090
1.531166 0.176266 31781.878910
1.534080 0.164824 31809.958980
1.537283 0.179358 31831.259770
1.537282 0.159358 31831.259770
1.538052 0.166244 31832.203120
1.540536 0.172866 31844.333980
1.544181 0.159311 31857.832030
1.544180 0.159311 31857.830080
1.544937 0.169198 31860.464840
1.546993 0.170882 31866.851560
1.551067 0.161252 31880.199220
1.551065 0.170252 31880.187500
1.551823 0.168138 31888.835940
1.553450 0.166873 31909.111330
1.557965 0.170167 31935.757810
1.557963 0.163167 31935.744140
1.558709 0.168041 31943.718750
1.559907 0.161852 31952.412110
1.564851 0.156057 31968.669920
1.564849 0.168058 31968.656250
1.565582 0.154931 31974.103520
1.566364 0.162805 31979.380860
1.571724 0.154910 31994.808590
1.571722 0.159910 31994.791020
1.572455 0.157796 32003.927730
1.572821 0.168733 32022.960940
1.578597 0.166750 32052.640620
1.578595 0.167750 32052.623050
1.579328 0.159636 32066.300780
1.927941 0.073154 35580.414060
1.922930 0.070867 35519.371090
1.922927 0.082867 35519.312500
1.927946 0.071152 35580.578120
1.933160 0.062372 35641.398440
1.933155 0.078374 35641.296880
1.935841 0.059454 35660.164060
1.936118 0.063365 35688.699220
1.937632 0.060836 35703.332030
1.936121 0.065364 35688.703120
1.937632 0.063836 35703.339840
1.937646 0.073831 35703.570310
1.940860 0.070713 35737.441410
1.947317 0.075481 35827.015620
1.947317 0.061481 35826.980470
1.944089 0.064603 35791.000000
1.949019 0.064888 35833.781250
1.949284 0.073800 35846.699220
1.949287 0.066799 35846.734380
1.953774 0.061224 35911.304690
1.962173 0.059260 36004.796880
1.960231 0.069954 35978.562500
1.962425 0.062172 36027.203120
1.962427 0.058171 36027.242190
1.966688 0.059658 36086.929690
1.973144 0.066351 36151.839840
1.975313 0.061581 36181.136720
1.975540 0.046493 36190.335940
1.979018 0.051233 36208.257810
1.975543 0.061492 36190.355470
1.979601 0.048018 36258.570310
1.986058 0.048685 36319.851560
1.988429 0.044827 36344.863280
1.988643 0.040751 36372.527340
1.988646 0.044751 36372.570310
1.992515 0.048326 36419.773440
1.998972 0.050955 36511.609380
1.995743 0.047141 36466.183590
2.001519 0.038022 36537.562500
2.001721 0.051947 36544.191410
2.001723 0.036946 36544.207030
2.002200 0.037770 36553.421880
2.002214 0.053765 36553.476560
2.005429 0.048559 36605.539060
2.011885 0.042163 36675.515620
2.014773 0.043079 36734.113280
2.014596 0.048154 36703.972660
2.014776 0.031078 36734.152340
2.018342 0.039742 36791.980470
2.024799 0.035295 36865.140620
2.027636 0.027224 36905.972660
2.027813 0.041161 36917.464840
2.027815 0.042160 36917.480470
2.031215 0.039863 36967.468750
2.031256 0.026849 36995.167970
2.037713 0.028377 37047.980470
2.040676 0.039255 37087.277340
2.040827 0.035192 37116.085940
2.040830 0.026191 37116.121090
2.044169 0.019893 37160.437500
2.066667 0.016128 37494.152340
2.063540 0.027351 37449.746090
2.066668 0.020128 37494.191410
2.066793 0.030078 37523.695310
2.069997 0.010804 37580.472660
2.076454 0.007244 37659.402340
2.082911 0.016671 37790.546880
2.079734 0.009945 37720.894530
2.079629 0.020984 37700.796880
2.079732 0.019945 37720.851560
2.079730 0.013946 37720.832030
2.089367 0.007086 37884.113280
2.092583 0.011800 37940.656250
2.092671 0.016762 37958.671880
2.092672 0.016761 37958.695310
2.095824 0.006476 38018.777340
2.050626 0.026396 37263.066410
2.047398 0.038644 37212.292970
2.053678 0.034210 37289.792970
2.053817 0.031160 37303.386720
2.053819 0.020159 37303.421880
2.057083 0.015886 37358.042970
2.102281 -0.002135 38106.980470
2.105509 0.000554 38165.183590
2.105585 -0.001472 38199.085940
2.105586 0.002528 38199.128910
2.108738 0.008229 38242.031250
2.115195 -0.006406 38365.589840
2.111966 0.010918 38302.171880
2.118410 -0.000730 38407.523440
2.118473 0.001244 38431.476560
2.118474 -0.008756 38431.511720
2.121652 -0.009067 38501.683590
2.131311 -0.015052 38670.437500
2.128109 -0.008728 38607.250000
2.131349 -0.000065 38701.554690
2.131350 0.003935 38701.585940
2.134565 -0.016414 38772.039060
2.141022 -0.018100 38874.980470
2.144212 -0.006425 38976.281250
2.144175 -0.009412 38937.394530
2.147479 -0.017799 39064.722660
2.160393 -0.009247 39382.906250
2.159333 -0.017793 39328.933590
2.153936 -0.012523 39178.511720
2.157050 -0.019835 39256.445310
2.157049 -0.023834 39256.417970
2.157051 -0.006835 39256.468750
2.157051 -0.005835 39256.503910
2.157164 -0.005873 39281.203120
2.157164 -0.021873 39281.250000
2.157164 -0.018873 39281.222660
2.163621 -0.014609 39421.304690
2.166849 -0.029984 39361.363280
2.169876 -0.019270 39188.355470
1.585470 0.158564 32081.615230
1.585468 0.160564 32081.605470
1.586188 0.154451 32092.478520
1.586190 0.154451 32092.496090
1.592342 0.162354 32125.554690
1.593049 0.158240 32155.320310
1.593050 0.156240 32155.339840
1.598648 0.158231 32180.433590
1.599203 0.157130 32190.548830
1.599896 0.167004 32195.546880
1.599898 0.157004 32195.556640
1.605105 0.163046 32211.373050
1.608338 0.152452 32243.271480
1.611562 0.151848 32272.832030
1.606063 0.150869 32220.619140
1.606757 0.159743 32222.425780
1.608333 0.159453 32243.193360
1.606758 0.166743 32222.433590
1.612924 0.166583 32291.933590
1.613604 0.162457 32298.896480
1.613606 0.158457 32298.906250
1.618018 0.163624 32316.212890
1.619771 0.155284 32327.689450
1.620440 0.154158 32331.984380
1.620441 0.150158 32331.986330
1.620458 0.160154 32332.044920
1.624475 0.156376 32356.353520
1.624476 0.144376 32356.433590
1.626619 0.156960 32373.949220
1.627287 0.163821 32391.322270
1.627289 0.153821 32391.347660
1.630932 0.155102 32421.320310
1.626619 0.157960 32373.939450
1.640945 0.142097 32484.525390
1.640946 0.144097 32484.541020
1.640950 0.159096 32484.576170
1.643846 0.156504 32520.695310
1.640944 0.160097 32484.503910
1.647137 0.145823 32549.236330
1.647768 0.157697 32553.683590
1.647769 0.156697 32553.685550
1.650303 0.156168 32567.787110
1.653526 0.147488 32583.718750
1.653960 0.149398 32587.638670
1.654590 0.157272 32591.189450
1.654592 0.150272 32591.197270
1.656545 0.137856 32619.818360
1.656564 0.142852 32620.023440
1.633467 0.144598 32435.564450
1.634110 0.156472 32439.185550
1.634111 0.142472 32439.189450
1.637389 0.150816 32455.230470
1.640302 0.155223 32472.265620
1.661400 0.147822 32671.949220
1.661402 0.139822 32671.955080
1.663216 0.137431 32685.810550
1.660782 0.139961 32653.156250
1.667605 0.142485 32703.453120
1.668210 0.154359 32710.599610
1.674414 0.147997 32774.859380
1.671514 0.137628 32733.214840
1.674416 0.149997 32774.894530
1.676130 0.141606 32804.171880
1.681225 0.146471 32826.574220
1.681805 0.138345 32831.554690
1.682587 0.143169 32844.945310
1.688021 0.150933 32880.859380
1.688023 0.144932 32880.921880
1.689044 0.148706 32915.929690
1.694819 0.136369 32945.628910
1.695387 0.138243 32955.878910
1.695390 0.144242 32955.886720
1.701957 0.147692 33050.933590
1.698729 0.138461 32992.886720
1.708402 0.132178 33073.371090
1.708956 0.138052 33083.015620
1.708959 0.142052 33083.058590
1.714871 0.132615 33155.273440
1.721328 0.127051 33202.179690
1.721958 0.130899 33203.574220
1.722488 0.123773 33215.054690
1.722491 0.131773 33215.085940
1.727785 0.135449 33284.503910
1.734241 0.129835 33335.636720
1.753612 0.129866 33566.484380
1.753612 0.120866 33566.332030
1.752118 0.129255 33502.371090
1.750383 0.134711 33488.257810
1.749516 0.129938 33479.535160
1.760069 0.115164 33610.988280
1.762490 0.125533 33616.558590
1.762982 0.119395 33626.359380
1.762984 0.122394 33626.394530
1.766526 0.119449 33690.046880
1.772982 0.129708 33747.914060
1.776440 0.110774 33777.789060
1.776438 0.119775 33777.765620
1.779439 0.116943 33832.734380
1.776336 0.111801 33762.597660
1.775959 0.119901 33757.988280
1.785896 0.112165 33888.527340
1.735490 0.135532 33339.785160
1.736007 0.120394 33348.515620
1.736009 0.132393 33348.542970
1.740698 0.131196 33416.277340
1.747155 0.117544 33472.617190
1.748996 0.133077 33478.015620
1.749513 0.133938 33479.503910
1.789402 0.120194 33919.074220
1.789868 0.124068 33933.960940
1.789871 0.118067 33933.976560
1.792353 0.124361 33984.308590
1.792363 0.119358 33984.394530
1.798810 0.103545 34030.023440
1.803274 0.101284 34089.777340
1.803277 0.118283 34089.785160
1.805267 0.107704 34121.808590
1.802833 0.106410 34071.574220
1.799503 0.104344 34057.835940
1.811723 0.101838 34185.515620
1.814947 0.105906 34223.929690
1.816226 0.114539 34228.046880
1.816654 0.112413 34231.835940
1.816657 0.117412 34231.855470
1.816657 0.111412 34231.839840
1.818180 0.103959 34247.949220
1.824637 0.106054 34347.312500
1.821409 0.111013 34293.738280
1.829606 0.112592 34372.328120
1.830022 0.095478 34386.640620
1.830024 0.097477 34386.648440
1.831094 0.099150 34404.820310
1.837551 0.098208 34487.417970
1.834322 0.110179 34450.632810
1.834322 0.106179 34450.550780
1.843364 0.089455 34529.464840
1.844009 0.099253 34574.863280
1.843367 0.099454 34529.566410
1.844008 0.097253 34574.792970
1.850464 0.106273 34635.093750
1.856303 0.105483 34684.539060
1.856304 0.096482 34684.566410
1.856681 0.096369 34720.992190
1.856684 0.089368 34721.074220
1.856687 0.101367 34721.121090
1.863378 0.087263 34788.695310
1.842961 0.101569 34518.078120
1.869608 0.094308 34845.496090
1.869973 0.090195 34870.683590
1.869976 0.096194 34870.726560
1.876292 0.090190 34941.937500
1.889198 0.091030 35103.730470
1.883243 0.091969 35028.734380
1.889205 0.095028 35103.863280
1.889236 0.091018 35104.066410
1.883240 0.087970 35028.656250
1.882900 0.089084 34997.031250
1.896167 0.084771 35165.804690
1.896167 0.092771 35165.847660
1.896494 0.081670 35201.683590
1.896497 0.086669 35201.718750
1.902119 0.074803 35250.453120
1.908576 0.084672 35335.773440
1.905348 0.072744 35303.593750
1.909408 0.069395 35340.808590
1.909723 0.074294 35354.292970
1.909726 0.074293 35354.324220
1.915033 0.069516 35420.195310
1.921490 0.069347 35482.226560
1.922637 0.083956 35494.156250
2.169863 -0.020304 37718.605470
2.169876 -0.021270 37774.593750
2.169876 -0.026270 37774.695310
