X Z Cp
0.000556 0.024713 1.153600
0.000213 0.025969 1.071500
0.000294 0.030234 0.990430
0.000732 0.021454 0.903150
0.001487 0.033610 0.793630
0.002520 0.027708 0.673840
0.003807 0.019767 0.560050
0.005338 0.041812 0.454100
0.007118 0.034865 0.359230
0.009161 0.030948 0.272840
0.011484 0.036075 0.194790
0.014106 0.036259 0.123040
0.017045 0.048502 0.058055
0.020307 0.034805 -0.001816
0.023895 0.052161 -0.057426
0.027794 0.051559 -0.109720
0.031985 0.054981 -0.158260
0.036436 0.061411 -0.204290
0.041115 0.047831 -0.247970
0.045986 0.063227 -0.289490
0.051019 0.058586 -0.328780
0.056186 0.068899 -0.366150
0.061464 0.058161 -0.401810
0.066835 0.073365 -0.435400
0.072284 0.060512 -0.467350
0.077801 0.070599 -0.497830
0.083375 0.082625 -0.526400
0.089001 0.083591 -0.553340
0.094672 0.075498 -0.578870
0.100380 0.083347 -0.602770
0.106130 0.080139 -0.625240
0.111920 0.082876 -0.646580
0.117730 0.087558 -0.666560
0.123580 0.097186 -0.684900
0.129450 0.079763 -0.702100
0.135350 0.087290 -0.718480
0.141280 0.085767 -0.733790
0.147220 0.091197 -0.748180
0.153190 0.091581 -0.761590
0.159180 0.101918 -0.773780
0.165190 0.098212 -0.785290
0.171210 0.102464 -0.796430
0.177260 0.100674 -0.806900
0.183320 0.102843 -0.816510
0.189390 0.095973 -0.825410
0.195480 0.107064 -0.833990
0.201590 0.101119 -0.842230
0.207700 0.109137 -0.849930
0.213830 0.116119 -0.857400
0.219970 0.111068 -0.864710
0.226120 0.109982 -0.871550
0.232290 0.101863 -0.878070
0.238460 0.116713 -0.884570
0.244640 0.110530 -0.890960
0.250830 0.106320 -0.897130
0.257020 0.106070 -0.903250
0.263230 0.121800 -0.909390
0.269440 0.119500 -0.915510
0.275660 0.120170 -0.921600
0.281880 0.106810 -0.927690
0.288110 0.112420 -0.933840
0.294340 0.113010 -0.940150
0.300580 0.110570 -0.946510
0.306820 0.127100 -0.952810
0.313060 0.111610 -0.959200
0.319310 0.113080 -0.965830
0.325560 0.115540 -0.972620
0.331820 0.115960 -0.979450
0.338070 0.120360 -0.986320
0.344330 0.120730 -0.993250
0.350590 0.112070 -1.000300
0.356850 0.120390 -1.007400
0.363110 0.117680 -1.014600
0.369370 0.121940 -1.021800
0.375620 0.127180 -1.029100
0.381880 0.122390 -1.036500
0.388140 0.114570 -1.043800
0.394400 0.115720 -1.051100
0.400650 0.111840 -1.058400
0.406910 0.121940 -1.065600
0.413160 0.114000 -1.072800
0.419410 0.123030 -1.079700
0.425660 0.119040 -1.086400
0.431900 0.120010 -1.093000
0.438150 0.117950 -1.099300
0.444390 0.118860 -1.105400
0.450620 0.117740 -1.111200
0.456850 0.129580 -1.116700
0.463080 0.124390 -1.121900
0.469310 0.126170 -1.126700
0.475530 0.127920 -1.130900
0.481740 0.127620 -1.134600
0.487950 0.118300 -1.137800
0.494160 0.109940 -1.140500
0.500360 0.109540 -1.142600
0.506560 0.127100 -1.144000
0.512750 0.127630 -1.144700
0.518940 0.114130 -1.144900
0.525120 0.122580 -1.144400
0.531290 0.120000 -1.143100
0.537460 0.123380 -1.140900
0.543620 0.122710 -1.138000
0.549780 0.110010 -1.134200
0.555930 0.106280 -1.129700
0.562070 0.115500 -1.124400
0.568210 0.105680 -1.118200
0.574340 0.102820 -1.111300
0.580460 0.107920 -1.103900
0.586580 0.118984 -1.095700
0.592690 0.103005 -1.086900
0.598790 0.106985 -1.077600
0.604890 0.106925 -1.068400
0.610970 0.099824 -1.059000
0.617050 0.107683 -1.050400
0.623130 0.093501 -1.042000
0.629190 0.109279 -1.034900
0.635250 0.098017 -1.028100
0.641300 0.092714 -1.023900
0.647340 0.093372 -0.995760
0.653370 0.100990 -0.913970
0.659400 0.094568 -0.876910
0.665420 0.102107 -0.867760
0.671430 0.087607 -0.855190
0.677440 0.092069 -0.841740
0.683440 0.085493 -0.824810
0.689430 0.096878 -0.806540
0.695410 0.091227 -0.786680
0.701390 0.086539 -0.766010
0.707360 0.081815 -0.744400
0.713320 0.088056 -0.722080
0.719280 0.082261 -0.699090
0.725230 0.074433 -0.675630
0.731180 0.066570 -0.651750
0.737120 0.078676 -0.627520
0.743050 0.081748 -0.602960
0.748990 0.071790 -0.578140
0.754910 0.061802 -0.553140
0.760840 0.071784 -0.528030
0.766760 0.073737 -0.502830
0.772670 0.057663 -0.477580
0.778590 0.064563 -0.452330
0.784500 0.062437 -0.427110
0.790410 0.060288 -0.401960
0.796320 0.057114 -0.376860
0.802230 0.060919 -0.351790
0.808140 0.047701 -0.326790
0.814050 0.050465 -0.302000
0.819960 0.052209 -0.277490
0.825870 0.032937 -0.253240
0.831790 0.032649 -0.229140
0.837710 0.027345 -0.205190
0.843630 0.043027 -0.181470
0.849550 0.033698 -0.158080
0.855480 0.021358 -0.135000
0.861410 0.026009 -0.112210
0.867350 0.016652 -0.089689
0.873290 0.017290 -0.067444
0.879230 0.013924 -0.045489
0.885170 0.017557 -0.023837
0.891120 0.022191 -0.002505
0.897050 0.005829 0.018499
0.902990 0.009473 0.039194
0.908920 0.016125 0.059603
0.914850 0.005787 0.079739
0.920760 0.014462 0.099597
0.926670 -0.000849 0.119180
0.932580 0.005857 0.138490
0.938460 0.001583 0.157550
0.944340 -0.012667 0.176370
0.950180 -0.014888 0.194940
0.955980 0.000929 0.213250
0.961730 -0.018210 0.231280
0.967350 -0.016280 0.248870
0.972830 -0.022271 0.265980
0.978100 -0.011162 0.282490
0.983000 -0.013900 0.298010
0.987450 -0.026455 0.312150
0.991510 -0.013861 0.325300
0.995390 -0.024187 0.337880
0.999220 -0.025482 0.350800
0.000000 0.014000 0.359570
0.000000 0.002000 0.345640
0.000000 0.011000 0.328670
0.000000 0.020000 0.311760
0.000000 0.012000 0.294750
0.000000 0.013000 0.278160
0.000000 0.014000 0.261880
0.000000 0.009000 0.246050
0.000000 0.010000 0.230640
0.000000 0.004000 0.215720
0.000000 0.011000 0.201270
0.000000 0.012000 0.187330
0.000000 0.017000 0.173900
0.000000 0.017000 0.161000
0.000000 0.004000 0.148630
0.000000 0.014000 0.136830
0.000000 0.018000 0.125580
0.000000 0.005000 0.114920
0.000000 0.017000 0.104850
0.000000 0.016000 0.095374
0.000000 0.007000 0.086496
0.000000 0.015000 0.078219
0.000000 0.011000 0.070538
0.000000 0.006000 0.063443
0.000000 0.006000 0.056921
0.000000 0.008000 0.050952
0.000000 0.002000 0.045514
0.000000 0.005000 0.040583
0.000000 0.000000 0.036136
0.000000 0.013000 0.032148
0.000000 0.019000 0.028601
0.000000 0.007000 0.025481
0.000000 0.005000 0.022780
0.000000 0.018000 0.020508
0.000000 0.015000 0.018685
0.000556 0.011713 1.153600
0.001932 0.010237 0.923420
0.004371 0.015783 0.608900
0.007892 0.013363 0.442380
0.012456 0.007015 0.299820
0.018000 -0.005236 0.187820
0.024452 -0.009370 0.107210
0.031730 -0.005367 0.048994
0.039738 -0.006215 0.007584
0.048374 -0.021901 -0.021249
0.057534 -0.005426 -0.040929
0.067126 -0.010796 -0.053773
0.077064 -0.021018 -0.061825
0.087281 -0.018110 -0.066974
0.097716 -0.022082 -0.070158
0.108320 -0.027949 -0.071988
0.119070 -0.032723 -0.073293
0.129910 -0.018415 -0.074362
0.140820 -0.026036 -0.075660
0.151780 -0.030591 -0.077028
0.162760 -0.035087 -0.078589
0.173750 -0.040530 -0.080621
0.184720 -0.029924 -0.083202
0.195670 -0.039272 -0.086089
0.206580 -0.046575 -0.089331
0.217430 -0.031836 -0.092966
0.228210 -0.039055 -0.096873
0.238920 -0.039232 -0.100990
0.249550 -0.047370 -0.105480
0.260070 -0.040468 -0.110210
0.270490 -0.047525 -0.114990
0.280800 -0.041541 -0.119870
0.290980 -0.044517 -0.124860
0.301040 -0.039452 -0.129830
0.310970 -0.054346 -0.134850
0.320760 -0.060199 -0.139830
0.330400 -0.046011 -0.144800
0.339890 -0.044782 -0.149690
0.349230 -0.055512 -0.154380
0.358400 -0.057201 -0.158940
0.367420 -0.045850 -0.163370
0.376270 -0.055458 -0.167690
0.384940 -0.046027 -0.171820
0.393450 -0.051557 -0.175650
0.401770 -0.064049 -0.179310
0.409920 -0.057504 -0.182840
0.417880 -0.059921 -0.186070
0.425660 -0.051304 -0.189050
0.433250 -0.056652 -0.191900
0.440650 -0.065966 -0.194450
0.447860 -0.059248 -0.196660
0.454870 -0.048499 -0.198660
0.461690 -0.059721 -0.200480
0.468320 -0.065915 -0.202050
0.474740 -0.057082 -0.203350
0.480970 -0.049223 -0.204370
0.486990 -0.052341 -0.205150
0.492820 -0.068436 -0.205770
0.498440 -0.051511 -0.206270
0.503860 -0.050567 -0.206610
0.509080 -0.049606 -0.206730
0.514090 -0.052628 -0.206620
0.518890 -0.064635 -0.206340
0.523490 -0.064630 -0.205930
0.527890 -0.067613 -0.205420
0.532080 -0.063587 -0.204810
0.536060 -0.066552 -0.204100
0.539830 -0.054510 -0.203290
0.543400 -0.060463 -0.202390
0.546760 -0.054411 -0.201400
0.549910 -0.049356 -0.200360
0.552860 -0.052298 -0.199350
0.555600 -0.057240 -0.198460
0.558130 -0.059182 -0.197750
0.560460 -0.065125 -0.197190
0.562580 -0.066070 -0.196650
0.564510 -0.054017 -0.195970
0.566260 -0.056968 -0.194980
0.567890 -0.058920 -0.194030
0.569530 -0.051870 -0.196310
0.571540 -0.063806 -0.196840
0.574830 -0.058697 -0.188100
0.578610 -0.066562 -0.188250
0.582570 -0.062410 -0.188390
0.586610 -0.055245 -0.185130
0.590670 -0.050068 -0.182260
0.594740 -0.051879 -0.179970
0.598810 -0.050679 -0.177910
0.602890 -0.057468 -0.176000
0.606960 -0.062245 -0.174290
0.611030 -0.058011 -0.173000
0.615110 -0.060766 -0.172600
0.619180 -0.059510 -0.171320
0.623250 -0.054243 -0.155600
0.627320 -0.057964 -0.137990
0.631390 -0.046674 -0.125700
0.635460 -0.059373 -0.118950
0.639530 -0.050060 -0.114890
0.643600 -0.060736 -0.111500
0.647660 -0.058402 -0.107950
0.651730 -0.059056 -0.103980
0.655800 -0.049699 -0.099537
0.659860 -0.060330 -0.094653
0.663930 -0.051951 -0.089379
0.667990 -0.058561 -0.083791
0.672060 -0.059161 -0.077919
0.676120 -0.046750 -0.071804
0.680190 -0.042328 -0.065416
0.684250 -0.056896 -0.058780
0.688320 -0.057453 -0.051859
0.692380 -0.044000 -0.044706
0.696450 -0.047537 -0.037330
0.700510 -0.043064 -0.029763
0.704580 -0.047582 -0.022006
0.708650 -0.052090 -0.014081
0.712710 -0.045589 -0.005988
0.716780 -0.054078 0.002271
0.720850 -0.049559 0.010683
0.724920 -0.038031 0.019249
0.728990 -0.047494 0.027956
0.733060 -0.037950 0.036806
0.737140 -0.034397 0.045797
0.741210 -0.042837 0.054920
0.745290 -0.039269 0.064177
0.749370 -0.041695 0.073574
0.753450 -0.037113 0.083088
0.757530 -0.038525 0.092700
0.761620 -0.047932 0.102390
0.765710 -0.033333 0.112150
0.769800 -0.047728 0.121980
0.773890 -0.035119 0.131890
0.777990 -0.029506 0.141890
0.782090 -0.038889 0.151980
0.786190 -0.045269 0.162110
0.790290 -0.045646 0.172260
0.794400 -0.030021 0.182420
0.798510 -0.045395 0.192580
0.802620 -0.032769 0.202760
0.806730 -0.037143 0.212980
0.810840 -0.035518 0.223250
0.814940 -0.034895 0.233380
0.819050 -0.034275 0.243560
0.823140 -0.024659 0.253510
0.827240 -0.026048 0.263390
0.831320 -0.021443 0.273330
0.835410 -0.023845 0.283090
0.839480 -0.033253 0.292820
0.843550 -0.034670 0.302440
0.847610 -0.025097 0.311910
0.851670 -0.035533 0.321240
0.855720 -0.018981 0.330410
0.859760 -0.024440 0.339430
0.863800 -0.019913 0.348270
0.867830 -0.023401 0.356930
0.871850 -0.031903 0.365380
0.875860 -0.033422 0.373620
0.879870 -0.016959 0.381630
0.883870 -0.030515 0.389410
0.887860 -0.032090 0.396960
0.891840 -0.020686 0.404270
0.895810 -0.023303 0.411330
0.899780 -0.022944 0.418110
0.903740 -0.012610 0.424610
0.907690 -0.028300 0.430820
0.911650 -0.015017 0.436730
0.915630 -0.016760 0.442380
0.919700 -0.011528 0.447720
0.923990 -0.019319 0.452970
0.928890 -0.026127 0.458430
0.934520 -0.024972 0.463980
0.940830 -0.016889 0.469100
0.947660 -0.022913 0.473080
0.954820 -0.023078 0.475210
0.962120 -0.030405 0.474740
0.969370 -0.014902 0.470820
0.976390 -0.027563 0.462490
0.982920 -0.019353 0.448630
0.988820 -0.018225 0.427870
0.994170 -0.019150 0.397210
0.999190 -0.018138 0.350800
0.000000 0.015000 0.359570
0.000000 0.013000 0.345640
0.000000 0.002000 0.328670
0.000000 0.020000 0.311760
0.000000 0.008000 0.294750
0.000000 0.001000 0.278160
0.000000 0.015000 0.261880
0.000000 0.020000 0.246050
0.000000 0.011000 0.230640
0.000000 0.012000 0.215720
0.000000 0.003000 0.201270
0.000000 0.013000 0.187330
0.000000 0.011000 0.173900
0.000000 0.005000 0.161000
0.000000 0.013000 0.148630
0.000000 0.020000 0.136830
0.000000 0.010000 0.125580
0.000000 0.004000 0.114920
0.000000 0.013000 0.104850
0.000000 0.014000 0.095374
0.000000 0.009000 0.086496
0.000000 0.001000 0.078219
0.000000 0.020000 0.070538
0.000000 0.000000 0.063443
0.000000 0.015000 0.056921
0.000000 0.012000 0.050952
0.000000 0.020000 0.045514
0.000000 0.008000 0.040583
0.000000 0.010000 0.036136
0.000000 0.016000 0.032148
0.000000 0.008000 0.028601
0.000000 0.003000 0.025481
0.000000 0.011000 0.022780
0.000000 0.012000 0.020508
0.000000 0.017000 0.018685
0.599900 -1.130500 1.193800
0.600510 -1.142100 0.871620
0.601570 -1.147900 0.505730
0.603020 -1.145800 0.336210
0.604860 -1.136700 0.201460
0.607100 -1.124700 0.091122
0.609720 -1.143700 0.014951
0.612630 -1.135800 -0.040913
0.615770 -1.138900 -0.081519
0.619050 -1.123100 -0.113250
0.622420 -1.127300 -0.139100
0.625860 -1.121600 -0.160030
0.629340 -1.123000 -0.177400
0.632850 -1.128400 -0.192760
0.636380 -1.136900 -0.205740
0.639930 -1.127400 -0.216680
0.643500 -1.129000 -0.226200
0.647070 -1.124600 -0.234940
0.650660 -1.116200 -0.242940
0.654250 -1.115800 -0.250060
0.657850 -1.115500 -0.256870
0.661450 -1.125200 -0.263360
0.665060 -1.119900 -0.269110
0.668670 -1.131700 -0.275390
0.672290 -1.131500 -0.281160
0.675910 -1.130200 -0.287060
0.679530 -1.115100 -0.292780
0.683160 -1.132900 -0.298860
0.686780 -1.119700 -0.304590
0.690410 -1.130600 -0.310640
0.694040 -1.116500 -0.316550
0.697660 -1.127400 -0.322780
0.701290 -1.117300 -0.328830
0.704920 -1.116300 -0.335050
0.708550 -1.127300 -0.341040
0.712180 -1.129200 -0.347330
0.715800 -1.130300 -0.353330
0.719430 -1.114300 -0.358630
0.723050 -1.119300 -0.364230
0.726680 -1.131400 -0.369360
0.730300 -1.120500 -0.373740
0.733920 -1.130600 -0.378080
0.737530 -1.132800 -0.381800
0.741150 -1.118900 -0.384610
0.744760 -1.130100 -0.386870
0.748370 -1.134400 -0.387970
0.751970 -1.134600 -0.387840
0.755570 -1.126900 -0.386800
0.759170 -1.123200 -0.384960
0.762770 -1.135500 -0.381550
0.766360 -1.135900 -0.376360
0.769950 -1.124300 -0.369950
0.773530 -1.129700 -0.362090
0.777110 -1.134200 -0.352870
0.780680 -1.124700 -0.342250
0.784250 -1.127200 -0.330790
0.787810 -1.121800 -0.319420
0.791370 -1.131400 -0.309040
0.794920 -1.139000 -0.300360
0.798470 -1.120600 -0.293190
0.802010 -1.141300 -0.286780
0.805550 -1.140000 -0.278360
0.809090 -1.133800 -0.213960
0.812620 -1.127500 -0.141280
0.816150 -1.136300 -0.113610
0.819680 -1.130200 -0.092980
0.823210 -1.139000 -0.070030
0.826730 -1.139900 -0.044291
0.830250 -1.135800 -0.016588
0.833780 -1.129700 0.012530
0.837310 -1.146600 0.042107
0.840840 -1.148500 0.072087
0.844370 -1.142400 0.102600
0.847890 -1.132400 0.132660
0.851420 -1.137300 0.162230
0.854940 -1.151200 0.190800
0.858460 -1.139100 0.218090
0.861970 -1.140900 0.244220
0.865470 -1.150800 0.268560
0.868960 -1.154500 0.290630
0.872430 -1.138300 0.310220
0.875870 -1.143000 0.326960
0.879230 -1.149600 0.340070
0.882430 -1.153100 0.349190
0.885390 -1.155500 0.353850
0.887990 -1.148800 0.354060
0.890430 -1.159000 0.351830
0.000000 0.014000 0.327170
0.000000 0.004000 0.291830
0.000000 0.018000 0.262660
0.000000 0.012000 0.239190
0.000000 0.000000 0.219640
0.000000 0.017000 0.203460
0.000000 0.002000 0.189930
0.000000 0.004000 0.178650
0.000000 0.007000 0.169220
0.000000 0.004000 0.161440
0.000000 0.014000 0.155020
0.000000 0.002000 0.149480
0.000000 0.017000 0.144760
0.000000 0.014000 0.140060
0.000000 0.006000 0.135650
0.000000 0.015000 0.131100
0.000000 0.017000 0.126580
0.000000 0.005000 0.122060
0.000000 0.011000 0.117530
0.000000 0.000000 0.113050
0.000000 0.015000 0.108640
0.000000 0.020000 0.104360
0.000000 0.020000 0.100210
0.000000 0.013000 0.096229
0.000000 0.008000 0.092421
0.000000 0.000000 0.088802
0.000000 0.007000 0.085381
0.000000 0.014000 0.082160
0.000000 0.008000 0.079136
0.000000 0.004000 0.076298
0.000000 0.020000 0.073633
0.000000 0.005000 0.071117
0.000000 0.000000 0.068725
0.000000 0.005000 0.066423
0.000000 0.016000 0.064176
0.000000 0.016000 0.061944
0.000000 0.002000 0.059688
0.000000 0.002000 0.057370
0.000000 0.001000 0.054957
0.000000 0.017000 0.052423
0.000000 0.012000 0.049755
0.000000 0.007000 0.046951
0.000000 0.015000 0.044027
0.000000 0.014000 0.041012
0.000000 0.005000 0.037950
0.000000 0.012000 0.034891
0.000000 0.010000 0.031901
0.000000 0.004000 0.029045
0.599900 -1.138500 1.193800
0.599970 -1.134000 0.792840
0.600840 -1.138600 0.379990
0.602330 -1.138000 0.124380
0.604340 -1.146400 -0.028282
0.606800 -1.150700 -0.116560
0.609590 -1.155900 -0.169370
0.612620 -1.159100 -0.204490
0.615810 -1.152200 -0.228460
0.619110 -1.161200 -0.246250
0.622480 -1.151100 -0.259460
0.625900 -1.147000 -0.270150
0.629350 -1.164900 -0.279340
0.632820 -1.157600 -0.287290
0.636320 -1.155400 -0.294330
0.639840 -1.154100 -0.300780
0.643360 -1.165800 -0.306790
0.646900 -1.153400 -0.312330
0.650450 -1.161100 -0.318000
0.654010 -1.169700 -0.323050
0.657570 -1.169200 -0.328680
0.661140 -1.170800 -0.334270
0.664710 -1.159300 -0.339500
0.668290 -1.156800 -0.344830
0.671870 -1.171300 -0.350120
0.675460 -1.171800 -0.355440
0.679050 -1.160200 -0.361020
0.682640 -1.154600 -0.366880
0.686230 -1.166000 -0.372330
0.689830 -1.158400 -0.378040
0.693430 -1.164800 -0.383220
0.697030 -1.170100 -0.388680
0.700630 -1.168400 -0.394690
0.704230 -1.166700 -0.400050
0.707830 -1.161000 -0.404830
0.711440 -1.164300 -0.409720
0.715040 -1.167500 -0.414460
0.718650 -1.171700 -0.419180
0.722260 -1.163900 -0.423270
0.725860 -1.177100 -0.426730
0.729470 -1.176300 -0.429560
0.733070 -1.162400 -0.431940
0.736680 -1.177500 -0.433600
0.740280 -1.164600 -0.434290
0.743890 -1.159600 -0.434350
0.747490 -1.159600 -0.433580
0.751090 -1.171600 -0.431420
0.754690 -1.160600 -0.427830
0.758290 -1.166500 -0.423460
0.761890 -1.158400 -0.417710
0.765480 -1.161300 -0.410520
0.769080 -1.172100 -0.402290
0.772670 -1.156900 -0.392480
0.776260 -1.161700 -0.381860
0.779840 -1.170500 -0.370320
0.783430 -1.164200 -0.359640
0.787010 -1.160900 -0.349530
0.790590 -1.166500 -0.341490
0.794170 -1.175200 -0.334420
0.797750 -1.154700 -0.328080
0.801320 -1.164300 -0.321570
0.804890 -1.172800 -0.205920
0.808460 -1.172400 -0.164590
0.812030 -1.159800 -0.153870
0.815600 -1.166300 -0.131480
0.819170 -1.156700 -0.108580
0.822740 -1.160100 -0.081809
0.826310 -1.156500 -0.053293
0.829880 -1.156900 -0.023735
0.833450 -1.163200 0.006311
0.837030 -1.157600 0.037111
0.840610 -1.151900 0.068149
0.844190 -1.153300 0.098865
0.847770 -1.146600 0.129180
0.851340 -1.153000 0.159030
0.854900 -1.160300 0.187820
0.858460 -1.155700 0.215260
0.862010 -1.159100 0.241270
0.865550 -1.148500 0.265360
0.869070 -1.153000 0.287360
0.872570 -1.160500 0.307020
0.876020 -1.148100 0.323900
0.879380 -1.148800 0.337360
0.882570 -1.142500 0.347120
0.885480 -1.151300 0.352400
0.888040 -1.152200 0.354240
0.890420 -1.148200 0.351830
0.000000 0.019000 0.327170
0.000000 0.006000 0.291830
0.000000 0.000000 0.262660
0.000000 0.016000 0.239190
0.000000 0.001000 0.219640
0.000000 0.011000 0.203460
0.000000 0.016000 0.189930
0.000000 0.011000 0.178650
0.000000 0.016000 0.169220
0.000000 0.006000 0.161440
0.000000 0.008000 0.155020
0.000000 0.009000 0.149480
0.000000 0.005000 0.144760
0.000000 0.016000 0.140060
0.000000 0.010000 0.135650
0.000000 0.013000 0.131100
0.000000 0.010000 0.126580
0.000000 0.017000 0.122060
0.000000 0.016000 0.117530
0.000000 0.010000 0.113050
0.000000 0.018000 0.108640
0.000000 0.010000 0.104360
0.000000 0.020000 0.100210
0.000000 0.001000 0.096229
0.000000 0.007000 0.092421
0.000000 0.012000 0.088802
0.000000 0.004000 0.085381
0.000000 0.014000 0.082160
0.000000 0.014000 0.079136
0.000000 0.015000 0.076298
0.000000 0.016000 0.073633
0.000000 0.012000 0.071117
0.000000 0.017000 0.068725
0.000000 0.006000 0.066423
0.000000 0.005000 0.064176
0.000000 0.001000 0.061944
0.000000 0.015000 0.059688
0.000000 0.009000 0.057370
0.000000 0.002000 0.054957
0.000000 0.014000 0.052423
0.000000 0.020000 0.049755
0.000000 0.009000 0.046951
0.000000 0.003000 0.044027
0.000000 0.000000 0.041012
0.000000 0.005000 0.037950
0.000000 0.009000 0.034891
0.000000 0.000000 0.031901
0.000000 0.001000 0.029045
