X Z Cp
0.000524 0.006584 1.133300
0.000197 0.021802 1.061500
0.000294 0.011038 0.965530
0.000738 0.031244 0.860870
0.001497 0.019406 0.737130
0.002541 0.021528 0.607100
0.003850 0.020624 0.485140
0.005417 0.040713 0.373310
0.007245 0.026814 0.273680
0.009348 0.032945 0.184530
0.011739 0.029116 0.104860
0.014433 0.042336 0.032517
0.017441 0.040606 -0.032200
0.020767 0.043920 -0.090334
0.024403 0.057272 -0.143820
0.028334 0.042649 -0.193480
0.032535 0.061034 -0.239050
0.036974 0.053414 -0.281550
0.041621 0.065773 -0.321800
0.046443 0.055099 -0.359630
0.051411 0.069382 -0.395210
0.056502 0.053616 -0.428570
0.061694 0.069797 -0.460520
0.066972 0.074920 -0.490470
0.072322 0.065986 -0.518940
0.077735 0.074993 -0.545800
0.083202 0.083940 -0.570460
0.088718 0.075831 -0.594010
0.094276 0.084666 -0.616200
0.099872 0.083444 -0.637090
0.105500 0.071169 -0.656690
0.111170 0.074841 -0.674690
0.116860 0.094460 -0.691450
0.122580 0.081031 -0.707420
0.128330 0.078553 -0.722400
0.134100 0.079028 -0.736100
0.139900 0.090456 -0.748960
0.145710 0.085841 -0.760990
0.151550 0.099182 -0.772110
0.157400 0.095481 -0.782770
0.163270 0.091740 -0.792760
0.169160 0.096958 -0.801820
0.175060 0.096139 -0.810470
0.180980 0.100282 -0.818740
0.186910 0.110389 -0.826320
0.192860 0.092460 -0.833560
0.198820 0.092497 -0.840670
0.204790 0.098501 -0.847330
0.210770 0.106472 -0.853560
0.216760 0.103412 -0.859660
0.222770 0.110321 -0.865700
0.228780 0.105200 -0.871680
0.234800 0.100050 -0.877550
0.240830 0.105870 -0.883280
0.246860 0.116663 -0.888800
0.252910 0.115430 -0.894220
0.258960 0.112160 -0.899760
0.265010 0.106880 -0.905450
0.271070 0.114560 -0.911240
0.277140 0.111220 -0.917060
0.283210 0.106850 -0.922890
0.289290 0.104460 -0.928770
0.295370 0.124050 -0.934790
0.301450 0.122610 -0.941000
0.307540 0.124140 -0.947450
0.313630 0.121650 -0.953940
0.319720 0.119140 -0.960390
0.325820 0.111600 -0.966930
0.331920 0.113030 -0.973680
0.338010 0.108440 -0.980660
0.344110 0.115830 -0.987840
0.350210 0.124190 -0.995150
0.356320 0.114530 -1.002500
0.362420 0.109840 -1.009800
0.368520 0.110130 -1.017100
0.374620 0.124390 -1.024400
0.380720 0.115630 -1.032000
0.386820 0.112840 -1.039800
0.392920 0.119020 -1.047400
0.399020 0.124170 -1.054800
0.405110 0.118300 -1.062200
0.411210 0.124400 -1.069700
0.417300 0.124470 -1.077000
0.423390 0.130520 -1.084000
0.429480 0.126530 -1.090900
0.435560 0.113510 -1.097800
0.441650 0.125470 -1.104400
0.447730 0.115390 -1.110800
0.453800 0.129280 -1.116800
0.459870 0.124140 -1.122300
0.465940 0.111970 -1.127400
0.472010 0.124770 -1.132100
0.478070 0.119530 -1.136600
0.484130 0.114260 -1.140600
0.490180 0.122960 -1.143800
0.496230 0.121620 -1.146400
0.502270 0.124240 -1.148400
0.508310 0.114830 -1.149900
0.514350 0.123390 -1.150800
0.520380 0.107900 -1.151100
0.526400 0.109390 -1.150600
0.532420 0.124830 -1.149100
0.538430 0.112240 -1.146800
0.544440 0.125610 -1.143800
0.550440 0.116940 -1.140200
0.556430 0.109230 -1.135800
0.562420 0.110490 -1.130500
0.568400 0.112700 -1.124200
0.574380 0.106880 -1.117200
0.580350 0.117020 -1.109500
0.586310 0.105110 -1.101200
0.592260 0.102173 -1.092500
0.598210 0.113192 -1.083400
0.604150 0.111172 -1.074300
0.610090 0.110112 -1.065000
0.616010 0.098012 -1.056400
0.621930 0.101872 -1.048200
0.627840 0.105693 -1.041300
0.633750 0.094474 -1.034800
0.639640 0.093216 -1.030500
0.645530 0.105919 -0.999630
0.651420 0.104582 -0.918070
0.657290 0.104207 -0.881060
0.663160 0.086794 -0.871300
0.669020 0.096343 -0.858710
0.674870 0.092854 -0.845140
0.680710 0.097327 -0.828150
0.686550 0.093763 -0.809670
0.692380 0.077162 -0.789570
0.698210 0.092526 -0.768650
0.704020 0.082854 -0.746850
0.709830 0.082147 -0.724350
0.715640 0.080406 -0.701160
0.721440 0.076631 -0.677490
0.727230 0.074824 -0.653430
0.733020 0.068984 -0.629050
0.738800 0.065112 -0.604310
0.744570 0.076210 -0.579200
0.750350 0.059277 -0.553860
0.756110 0.077316 -0.528420
0.761880 0.056326 -0.502950
0.767640 0.061310 -0.477430
0.773400 0.057267 -0.451880
0.779150 0.062199 -0.426310
0.784910 0.057107 -0.400760
0.790660 0.044991 -0.375260
0.796410 0.042854 -0.349870
0.802160 0.048696 -0.324610
0.807910 0.047518 -0.299520
0.813670 0.056322 -0.274610
0.819420 0.040109 -0.249910
0.825170 0.044879 -0.225440
0.830930 0.043636 -0.201250
0.836690 0.027379 -0.177360
0.842460 0.040111 -0.153740
0.848220 0.031831 -0.130350
0.854000 0.021543 -0.107230
0.859770 0.027249 -0.084453
0.865550 0.022949 -0.062062
0.871330 0.032647 -0.040058
0.877110 0.016346 -0.018419
0.882890 0.025047 0.002858
0.888670 0.024753 0.023747
0.894440 0.023468 0.044221
0.900200 0.006192 0.064281
0.905960 0.006928 0.083941
0.911720 -0.002322 0.103220
0.917470 0.003444 0.122100
0.923210 0.010228 0.140590
0.928940 0.008032 0.158670
0.934670 -0.010139 0.176360
0.940380 0.006716 0.193650
0.946080 -0.012398 0.210550
0.951750 -0.001474 0.227040
0.957370 -0.009507 0.243130
0.962940 -0.006487 0.258770
0.968370 -0.007391 0.273860
0.973670 -0.006214 0.288400
0.978760 -0.014933 0.302280
0.983500 -0.022503 0.315210
0.987790 -0.011902 0.326950
0.991740 -0.024168 0.337930
0.995520 -0.030360 0.348520
0.999260 -0.026521 0.359510
0.000000 0.009000 0.367470
0.000000 0.014000 0.353170
0.000000 0.018000 0.335930
0.000000 0.002000 0.318970
0.000000 0.018000 0.301930
0.000000 0.001000 0.285340
0.000000 0.004000 0.269050
0.000000 0.000000 0.253200
0.000000 0.008000 0.237780
0.000000 0.014000 0.222840
0.000000 0.016000 0.208360
0.000000 0.010000 0.194380
0.000000 0.011000 0.180900
0.000000 0.010000 0.167940
0.000000 0.019000 0.155510
0.000000 0.018000 0.143630
0.000000 0.012000 0.132300
0.000000 0.010000 0.121520
0.000000 0.007000 0.111320
0.000000 0.003000 0.101680
0.000000 0.013000 0.092620
0.000000 0.003000 0.084126
0.000000 0.002000 0.076197
0.000000 0.002000 0.068824
0.000000 0.017000 0.061996
0.000000 0.002000 0.055702
0.000000 0.007000 0.049929
0.000000 0.015000 0.044664
0.000000 0.018000 0.039895
0.000000 0.001000 0.035610
0.000000 0.011000 0.031801
0.000000 0.007000 0.028464
0.000000 0.003000 0.025602
0.000000 0.017000 0.023230
0.000000 0.012000 0.021379
0.000524 0.023584 1.133300
0.001957 0.010036 0.935200
0.004538 0.017523 0.673800
0.008272 -0.001941 0.504810
0.013102 0.004678 0.360740
0.018954 0.002402 0.250690
0.025743 -0.012749 0.171910
0.033373 0.000240 0.114420
0.041737 0.000384 0.072905
0.050718 -0.007309 0.043207
0.060204 -0.014842 0.022077
0.070091 -0.015220 0.007368
0.080292 -0.022456 -0.003157
0.090733 -0.028563 -0.010746
0.101350 -0.027555 -0.016370
0.112100 -0.022446 -0.021036
0.122940 -0.028246 -0.024860
0.133830 -0.020967 -0.028546
0.144750 -0.026617 -0.032150
0.155670 -0.030202 -0.035849
0.166560 -0.035728 -0.039826
0.177410 -0.036199 -0.043969
0.188200 -0.040620 -0.048501
0.198910 -0.027990 -0.053238
0.209530 -0.048313 -0.058181
0.220040 -0.042590 -0.063384
0.230430 -0.050821 -0.068730
0.240700 -0.036008 -0.074325
0.250830 -0.036151 -0.080033
0.260810 -0.051249 -0.085692
0.270640 -0.046303 -0.091481
0.280300 -0.044314 -0.097373
0.289790 -0.050280 -0.103120
0.299110 -0.058203 -0.108770
0.308240 -0.046083 -0.114490
0.317180 -0.044921 -0.120080
0.325920 -0.047715 -0.125510
0.334470 -0.048469 -0.130860
0.342820 -0.057180 -0.135990
0.350950 -0.049851 -0.140940
0.358880 -0.047483 -0.145720
0.366590 -0.047075 -0.150280
0.374090 -0.049630 -0.154640
0.381360 -0.057149 -0.158870
0.388420 -0.050633 -0.162950
0.395240 -0.062082 -0.166800
0.401840 -0.066498 -0.170340
0.408210 -0.047882 -0.173590
0.414350 -0.059236 -0.176660
0.420260 -0.065562 -0.179590
0.425940 -0.061860 -0.182320
0.431380 -0.061132 -0.184800
0.436580 -0.058379 -0.187090
0.441550 -0.053604 -0.189240
0.446280 -0.064807 -0.191250
0.450770 -0.062989 -0.193080
0.455020 -0.068153 -0.194710
0.459030 -0.060299 -0.196150
0.462800 -0.054430 -0.197390
0.466330 -0.052545 -0.198440
0.469620 -0.068647 -0.199320
0.472670 -0.066736 -0.200060
0.475480 -0.064814 -0.200750
0.478050 -0.060882 -0.201540
0.480390 -0.066940 -0.202460
0.482490 -0.063990 -0.203390
0.484380 -0.063033 -0.203910
0.486090 -0.056070 -0.203600
0.487760 -0.054105 -0.204990
0.489690 -0.056143 -0.207380
0.492670 -0.067198 -0.201870
0.496060 -0.070255 -0.205730
0.499600 -0.051308 -0.207250
0.503210 -0.071353 -0.206730
0.506830 -0.061392 -0.206760
0.510460 -0.068423 -0.207120
0.514100 -0.060446 -0.207460
0.517730 -0.053461 -0.207650
0.521370 -0.062469 -0.207670
0.525000 -0.068468 -0.207560
0.528640 -0.064460 -0.207330
0.532270 -0.066444 -0.207010
0.535900 -0.051419 -0.206610
0.539530 -0.053386 -0.206110
0.543170 -0.058345 -0.205510
0.546800 -0.065296 -0.204810
0.550430 -0.060237 -0.203990
0.554060 -0.055171 -0.203050
0.557680 -0.070096 -0.201980
0.561310 -0.056012 -0.200800
0.564940 -0.061920 -0.199500
0.568570 -0.067819 -0.198110
0.572190 -0.069709 -0.196600
0.575820 -0.052590 -0.194980
0.579440 -0.061463 -0.193230
0.583070 -0.052326 -0.191350
0.586690 -0.062181 -0.189350
0.590310 -0.059026 -0.187240
0.593930 -0.068863 -0.185010
0.597550 -0.053690 -0.182680
0.601170 -0.067509 -0.180260
0.604790 -0.067318 -0.177750
0.608410 -0.058118 -0.175180
0.612030 -0.048910 -0.172560
0.615640 -0.060691 -0.169900
0.619260 -0.058464 -0.167210
0.622880 -0.052228 -0.164520
0.626490 -0.055982 -0.161860
0.630110 -0.058727 -0.159260
0.633720 -0.058463 -0.156790
0.637330 -0.060189 -0.154530
0.640950 -0.053907 -0.152600
0.644560 -0.064616 -0.151170
0.648170 -0.055315 -0.150670
0.651780 -0.047006 -0.147720
0.655390 -0.058688 -0.125020
0.659000 -0.059360 -0.104690
0.662610 -0.053023 -0.091883
0.666220 -0.050678 -0.084854
0.669830 -0.051323 -0.080445
0.673440 -0.044960 -0.076702
0.677050 -0.057588 -0.072833
0.680660 -0.055208 -0.068597
0.684270 -0.055819 -0.063961
0.687870 -0.058421 -0.058944
0.691480 -0.054015 -0.053590
0.695090 -0.041601 -0.047928
0.698700 -0.057178 -0.041967
0.702310 -0.048748 -0.035654
0.705910 -0.057309 -0.029197
0.709520 -0.054863 -0.022486
0.713130 -0.043409 -0.015786
0.716740 -0.054947 -0.008934
0.720350 -0.051478 -0.001779
0.723960 -0.052002 0.005498
0.727570 -0.039519 0.013047
0.731180 -0.057028 0.020691
0.734800 -0.043531 0.028459
0.738410 -0.052027 0.036353
0.742020 -0.041517 0.044358
0.745640 -0.054001 0.052450
0.749260 -0.034479 0.060610
0.752880 -0.045951 0.068846
0.756500 -0.036418 0.077173
0.760120 -0.046880 0.085610
0.763740 -0.052336 0.094178
0.767360 -0.039788 0.102870
0.770990 -0.050235 0.111650
0.774620 -0.038679 0.120520
0.778250 -0.038118 0.129450
0.781880 -0.033554 0.138410
0.785510 -0.037988 0.147360
0.789130 -0.039421 0.156480
0.792740 -0.041855 0.165310
0.796260 -0.042300 0.174050
0.800030 -0.029705 0.183280
0.804230 -0.042041 0.193640
0.808940 -0.043296 0.205320
0.814180 -0.033468 0.218350
0.819920 -0.029563 0.232660
0.826140 -0.035589 0.248090
0.832780 -0.027559 0.264450
0.839790 -0.033486 0.281490
0.847120 -0.022385 0.299020
0.854730 -0.025270 0.316800
0.862580 -0.030158 0.334630
0.870620 -0.035066 0.352310
0.878810 -0.023011 0.369600
0.887130 -0.016009 0.386280
0.895540 -0.013079 0.402130
0.904010 -0.023239 0.416940
0.912510 -0.012505 0.430530
0.921000 -0.019894 0.442640
0.929450 -0.011424 0.453040
0.937840 -0.030109 0.461500
0.946110 -0.020960 0.467710
0.954220 -0.017988 0.471300
0.962080 -0.014195 0.471810
0.969610 -0.010576 0.468730
0.976710 -0.014115 0.461360
0.983200 -0.011775 0.448790
0.988990 -0.019513 0.429920
0.994250 -0.030310 0.401290
0.999240 -0.034177 0.359510
0.000000 0.019000 0.367470
0.000000 0.002000 0.353170
0.000000 0.011000 0.335930
0.000000 0.016000 0.318970
0.000000 0.011000 0.301930
0.000000 0.009000 0.285340
0.000000 0.014000 0.269050
0.000000 0.005000 0.253200
0.000000 0.009000 0.237780
0.000000 0.018000 0.222840
0.000000 0.012000 0.208360
0.000000 0.020000 0.194380
0.000000 0.019000 0.180900
0.000000 0.019000 0.167940
0.000000 0.011000 0.155510
0.000000 0.000000 0.143630
0.000000 0.006000 0.132300
0.000000 0.018000 0.121520
0.000000 0.003000 0.111320
0.000000 0.018000 0.101680
0.000000 0.013000 0.092620
0.000000 0.002000 0.084126
0.000000 0.020000 0.076197
0.000000 0.004000 0.068824
0.000000 0.011000 0.061996
0.000000 0.000000 0.055702
0.000000 0.012000 0.049929
0.000000 0.009000 0.044664
0.000000 0.004000 0.039895
0.000000 0.019000 0.035610
0.000000 0.016000 0.031801
0.000000 0.014000 0.028464
0.000000 0.006000 0.025602
0.000000 0.001000 0.023230
0.000000 0.001000 0.021379
0.505240 -0.852280 1.226400
0.506120 -0.853980 0.922090
0.507410 -0.853800 0.651070
0.509120 -0.851660 0.506280
0.511240 -0.845530 0.380980
0.513770 -0.844420 0.274130
0.516630 -0.857360 0.193500
0.519720 -0.848360 0.131250
0.522980 -0.856420 0.082869
0.526340 -0.838550 0.043605
0.529770 -0.837740 0.011177
0.533240 -0.836990 -0.016568
0.536750 -0.841290 -0.040279
0.540290 -0.839640 -0.060567
0.543840 -0.845020 -0.079141
0.547400 -0.836440 -0.095743
0.550980 -0.846900 -0.110390
0.554570 -0.849390 -0.124460
0.558170 -0.832910 -0.137040
0.561770 -0.830450 -0.149150
0.565390 -0.837020 -0.160420
0.569000 -0.848620 -0.171500
0.572620 -0.832240 -0.181380
0.576250 -0.829880 -0.191610
0.579870 -0.847540 -0.201210
0.583510 -0.829220 -0.210950
0.587140 -0.829930 -0.220440
0.590770 -0.842650 -0.229360
0.594410 -0.839390 -0.238490
0.598050 -0.845160 -0.247210
0.601690 -0.826940 -0.255810
0.605330 -0.843750 -0.264410
0.608970 -0.836570 -0.272950
0.612620 -0.838420 -0.280920
0.616260 -0.833280 -0.288900
0.619900 -0.835170 -0.296540
0.623540 -0.844080 -0.303970
0.627180 -0.836010 -0.310870
0.630830 -0.835970 -0.317400
0.634470 -0.837950 -0.323370
0.638110 -0.833950 -0.329030
0.641740 -0.844980 -0.333950
0.645380 -0.842030 -0.337990
0.649010 -0.839120 -0.341430
0.652650 -0.842220 -0.343820
0.656280 -0.844360 -0.344870
0.659910 -0.831520 -0.345420
0.663530 -0.841720 -0.344690
0.667150 -0.835940 -0.342540
0.670770 -0.845200 -0.339100
0.674390 -0.828480 -0.334370
0.678000 -0.840800 -0.328050
0.681620 -0.835150 -0.320140
0.685220 -0.828530 -0.310970
0.688830 -0.837940 -0.300700
0.692420 -0.849380 -0.289520
0.696020 -0.842860 -0.278060
0.699610 -0.849360 -0.267440
0.703200 -0.834900 -0.258530
0.706780 -0.843470 -0.251100
0.710360 -0.850070 -0.244630
0.713940 -0.838700 -0.236400
0.717520 -0.840360 -0.177430
0.721090 -0.849050 -0.106920
0.724660 -0.844760 -0.079474
0.728230 -0.840490 -0.059894
0.731790 -0.847250 -0.038127
0.735360 -0.839020 -0.013550
0.738930 -0.850810 0.013023
0.742500 -0.843620 0.040611
0.746070 -0.858440 0.068975
0.749640 -0.860270 0.097990
0.753220 -0.849100 0.127070
0.756790 -0.844920 0.155730
0.760360 -0.850740 0.183890
0.763920 -0.843550 0.211500
0.767470 -0.857330 0.238090
0.771020 -0.859090 0.263200
0.774540 -0.850810 0.286760
0.778020 -0.863490 0.308660
0.781420 -0.847110 0.328150
0.784660 -0.862650 0.345130
0.787620 -0.865100 0.359310
0.790220 -0.853450 0.370530
0.792630 -0.865740 0.382890
0.000000 0.016000 0.353400
0.000000 0.016000 0.315270
0.000000 0.001000 0.284170
0.000000 0.020000 0.258730
0.000000 0.014000 0.237290
0.000000 0.006000 0.219080
0.000000 0.005000 0.203460
0.000000 0.010000 0.190030
0.000000 0.012000 0.178430
0.000000 0.004000 0.168390
0.000000 0.012000 0.159680
0.000000 0.009000 0.152110
0.000000 0.002000 0.145510
0.000000 0.003000 0.139740
0.000000 0.004000 0.134690
0.000000 0.006000 0.130230
0.000000 0.016000 0.126300
0.000000 0.006000 0.122810
0.000000 0.011000 0.119710
0.000000 0.013000 0.116950
0.000000 0.007000 0.114480
0.000000 0.020000 0.112280
0.000000 0.015000 0.110320
0.000000 0.012000 0.108570
0.000000 0.007000 0.107000
0.000000 0.004000 0.105600
0.000000 0.004000 0.104360
0.000000 0.001000 0.103340
0.000000 0.016000 0.102360
0.000000 0.003000 0.101550
0.000000 0.004000 0.100590
0.000000 0.001000 0.099718
0.000000 0.016000 0.098741
0.000000 0.004000 0.097765
0.000000 0.004000 0.096713
0.000000 0.015000 0.095601
0.000000 0.014000 0.094447
0.000000 0.004000 0.093251
0.000000 0.008000 0.092020
0.000000 0.012000 0.090755
0.000000 0.010000 0.089461
0.000000 0.020000 0.088140
0.000000 0.018000 0.086792
0.000000 0.015000 0.085416
0.000000 0.001000 0.084006
0.000000 0.006000 0.082552
0.000000 0.003000 0.081040
0.000000 0.002000 0.079452
0.000000 0.005000 0.077763
0.000000 0.020000 0.075945
0.000000 0.009000 0.073970
0.000000 0.004000 0.071807
0.000000 0.015000 0.069430
0.000000 0.020000 0.066818
0.000000 0.010000 0.063962
0.000000 0.020000 0.060868
0.000000 0.019000 0.057555
0.000000 0.010000 0.054062
0.000000 0.007000 0.050441
0.000000 0.013000 0.046757
0.000000 0.005000 0.043082
0.000000 0.007000 0.039492
0.000000 0.016000 0.036063
0.000000 0.004000 0.032873
0.000000 0.003000 0.029995
0.505240 -0.848280 1.226400
0.504930 -0.867810 0.583510
0.505630 -0.852360 -0.104050
0.507170 -0.861690 -0.318240
0.509260 -0.863890 -0.355860
0.511810 -0.865030 -0.361190
0.514720 -0.868110 -0.359200
0.517880 -0.865120 -0.356860
0.521200 -0.870080 -0.356450
0.524620 -0.870970 -0.357740
0.528090 -0.860800 -0.360670
0.531600 -0.868590 -0.363760
0.535140 -0.867340 -0.368390
0.538700 -0.866040 -0.373100
0.542270 -0.876710 -0.377920
0.545860 -0.873340 -0.383480
0.549450 -0.869940 -0.388530
0.553050 -0.874510 -0.393770
0.556660 -0.871060 -0.398820
0.560280 -0.883580 -0.403790
0.563900 -0.874070 -0.408900
0.567520 -0.873530 -0.413580
0.571150 -0.865980 -0.418250
0.574790 -0.866390 -0.422720
0.578420 -0.877790 -0.426860
0.582060 -0.880160 -0.430730
0.585710 -0.886510 -0.435040
0.589350 -0.879840 -0.438510
0.593000 -0.877140 -0.441820
0.596650 -0.886420 -0.445520
0.600300 -0.884690 -0.448960
0.603950 -0.874920 -0.451580
0.607600 -0.869140 -0.454340
0.611260 -0.871330 -0.456980
0.614910 -0.881510 -0.459270
0.618570 -0.888660 -0.461270
0.622220 -0.884780 -0.462630
0.625880 -0.875890 -0.463990
0.629530 -0.877970 -0.465080
0.633190 -0.884020 -0.465470
0.636840 -0.882050 -0.465100
0.640500 -0.877060 -0.464010
0.644150 -0.872040 -0.462720
0.647810 -0.873990 -0.460720
0.651460 -0.886920 -0.457500
0.655110 -0.884820 -0.453720
0.658760 -0.884690 -0.449220
0.662400 -0.883540 -0.443380
0.666050 -0.870350 -0.436650
0.669690 -0.873140 -0.428870
0.673330 -0.877900 -0.420110
0.676960 -0.878630 -0.410600
0.680600 -0.887320 -0.400830
0.684230 -0.878990 -0.390540
0.687860 -0.881620 -0.381430
0.691480 -0.879230 -0.372210
0.695100 -0.882800 -0.365780
0.698720 -0.870340 -0.357760
0.702330 -0.878860 -0.280550
0.705950 -0.871340 -0.238690
0.709550 -0.870790 -0.220990
0.713160 -0.872220 -0.200420
0.716760 -0.871620 -0.178420
0.720360 -0.865990 -0.153310
0.723960 -0.862330 -0.126140
0.727560 -0.860660 -0.097236
0.731160 -0.879960 -0.067506
0.734760 -0.879240 -0.036762
0.738360 -0.858510 -0.005089
0.741960 -0.870760 0.026777
0.745560 -0.865010 0.058917
0.749160 -0.864250 0.091173
0.752770 -0.867490 0.123220
0.756370 -0.863730 0.154570
0.759960 -0.866980 0.184820
0.763550 -0.856250 0.214040
0.767130 -0.860550 0.241940
0.770690 -0.869870 0.268180
0.774240 -0.856240 0.292440
0.777750 -0.869660 0.314470
0.781190 -0.865140 0.333870
0.784470 -0.867700 0.350600
0.787490 -0.861350 0.363580
0.790150 -0.856090 0.374580
0.792630 -0.849890 0.382890
0.000000 0.005000 0.353400
0.000000 0.006000 0.315270
0.000000 0.012000 0.284170
0.000000 0.014000 0.258730
0.000000 0.006000 0.237290
0.000000 0.003000 0.219080
0.000000 0.011000 0.203460
0.000000 0.005000 0.190030
0.000000 0.009000 0.178430
0.000000 0.000000 0.168390
0.000000 0.019000 0.159680
0.000000 0.002000 0.152110
0.000000 0.011000 0.145510
0.000000 0.016000 0.139740
0.000000 0.006000 0.134690
0.000000 0.012000 0.130230
0.000000 0.001000 0.126300
0.000000 0.000000 0.122810
0.000000 0.001000 0.119710
0.000000 0.017000 0.116950
0.000000 0.017000 0.114480
0.000000 0.006000 0.112280
0.000000 0.015000 0.110320
0.000000 0.017000 0.108570
0.000000 0.001000 0.107000
0.000000 0.013000 0.105600
0.000000 0.017000 0.104360
0.000000 0.002000 0.103340
0.000000 0.001000 0.102360
0.000000 0.012000 0.101550
0.000000 0.013000 0.100590
0.000000 0.001000 0.099718
0.000000 0.020000 0.098741
0.000000 0.002000 0.097765
0.000000 0.000000 0.096713
0.000000 0.013000 0.095601
0.000000 0.017000 0.094447
0.000000 0.009000 0.093251
0.000000 0.018000 0.092020
0.000000 0.017000 0.090755
0.000000 0.003000 0.089461
0.000000 0.002000 0.088140
0.000000 0.009000 0.086792
0.000000 0.019000 0.085416
0.000000 0.013000 0.084006
0.000000 0.000000 0.082552
0.000000 0.020000 0.081040
0.000000 0.012000 0.079452
0.000000 0.017000 0.077763
0.000000 0.006000 0.075945
0.000000 0.002000 0.073970
0.000000 0.001000 0.071807
0.000000 0.018000 0.069430
0.000000 0.001000 0.066818
0.000000 0.010000 0.063962
0.000000 0.003000 0.060868
0.000000 0.001000 0.057555
0.000000 0.001000 0.054062
0.000000 0.005000 0.050441
0.000000 0.012000 0.046757
0.000000 0.005000 0.043082
0.000000 0.004000 0.039492
0.000000 0.004000 0.036063
0.000000 0.006000 0.032873
0.000000 0.019000 0.029995
