y      c      Cl    Cd     cCl     cCd
0.000000 2.914803 0.528639 0.020039 1.541051 0.058785
0.148783 2.914970 0.528618 0.020040 1.541077 0.058789
0.297566 2.915469 0.528554 0.020044 1.541154 0.058803
0.446348 2.916293 0.528450 0.020050 1.541281 0.058825
0.595131 2.917430 0.528304 0.020059 1.541453 0.058856
0.743914 2.918867 0.528118 0.020071 1.541665 0.058894
0.892697 2.920581 0.527893 0.020084 1.541910 0.058940
1.041480 2.922551 0.527631 0.020099 1.542179 0.058993
1.190263 2.924747 0.527334 0.020116 1.542463 0.059052
1.339045 2.927138 0.527003 0.020135 1.542750 0.059116
1.487828 2.929689 0.526640 0.020155 1.543028 0.059183
1.636611 2.932361 0.526248 0.020176 1.543283 0.059254
1.785394 2.935111 0.525830 0.020197 1.543501 0.059326
1.934177 2.937897 0.525389 0.020218 1.543666 0.059399
2.082960 2.940669 0.524926 0.020240 1.543761 0.059472
2.231742 2.943379 0.524445 0.020261 1.543770 0.059542
2.380525 2.945976 0.523950 0.020281 1.543673 0.059608
2.529308 2.948406 0.523443 0.020300 1.543453 0.059670
2.678091 2.950615 0.522928 0.020317 1.543091 0.059726
2.826874 2.952548 0.522407 0.020333 1.542566 0.059773
2.975657 2.954150 0.521885 0.020347 1.541861 0.059812
3.124439 2.955366 0.521365 0.020358 1.540954 0.059840
3.273222 2.956138 0.520849 0.020367 1.539828 0.059857
3.422005 2.956415 0.520341 0.020374 1.538464 0.059861
3.570788 2.956140 0.519845 0.020377 1.536842 0.059850
3.719571 2.955264 0.519362 0.020377 1.534944 0.059824
3.868354 2.953735 0.518896 0.020374 1.532754 0.059782
4.017136 2.951505 0.518451 0.020368 1.530254 0.059723
4.165919 2.948529 0.518027 0.020359 1.527430 0.059645
4.314702 2.944764 0.517628 0.020347 1.524267 0.059549
4.463485 2.940171 0.517257 0.020332 1.520752 0.059433
4.612268 2.934715 0.516914 0.020314 1.516872 0.059298
4.761051 2.928363 0.516602 0.020293 1.512618 0.059142
4.909833 2.921089 0.516323 0.020270 1.507981 0.058966
5.058616 2.912867 0.516077 0.020245 1.502953 0.058769
5.207399 2.903681 0.515867 0.020218 1.497529 0.058551
5.356182 2.893516 0.515692 0.020191 1.491706 0.058314
5.504965 2.882363 0.515554 0.020162 1.485481 0.058056
5.653747 2.870218 0.515453 0.020132 1.478854 0.057778
5.802530 2.857082 0.515390 0.020103 1.471829 0.057481
5.951313 2.842963 0.515363 0.020074 1.464407 0.057166
6.100096 2.827872 0.515374 0.020046 1.456597 0.056833
6.248879 2.811826 0.515421 0.020020 1.448405 0.056482
6.397662 2.794847 0.515504 0.019995 1.439841 0.056115
6.546444 2.776963 0.515622 0.019973 1.430917 0.055732
6.695227 2.758205 0.515775 0.019953 1.421646 0.055335
6.844010 2.738611 0.515960 0.019936 1.412044 0.054924
6.992793 2.718222 0.516178 0.019922 1.402128 0.054500
7.141576 2.697082 0.516425 0.019912 1.391915 0.054064
7.290359 2.675242 0.516702 0.019905 1.381425 0.053617
7.439141 2.652754 0.517006 0.019902 1.370680 0.053159
7.587924 2.629674 0.517336 0.019902 1.359701 0.052690
7.736707 2.606060 0.517689 0.019905 1.348510 0.052212
7.885490 2.581973 0.518065 0.019911 1.337131 0.051724
8.034273 2.557475 0.518460 0.019920 1.325587 0.051227
8.183056 2.532630 0.518873 0.019929 1.313901 0.050720
8.331838 2.507500 0.519302 0.019939 1.302097 0.050204
8.480621 2.482150 0.519745 0.019949 1.290197 0.049677
8.629404 2.456642 0.520198 0.019957 1.278222 0.049138
8.778187 2.431038 0.520660 0.019961 1.266194 0.048587
8.926970 2.405396 0.521127 0.019961 1.254131 0.048022
9.075753 2.379773 0.521595 0.019954 1.242049 0.047442
9.224535 2.354222 0.522062 0.019938 1.229962 0.046844
9.373318 2.328793 0.522522 0.019912 1.217883 0.046226
9.522101 2.303528 0.522972 0.019872 1.205818 0.045586
9.670884 2.278469 0.523404 0.019816 1.193772 0.044921
9.819667 2.253646 0.523813 0.019742 1.181745 0.044227
9.968449 2.229087 0.524190 0.019647 1.169731 0.043503
10.117232 2.204812 0.524526 0.019528 1.157722 0.042744
10.266015 2.180833 0.524810 0.019383 1.145700 0.041947
10.414798 2.157154 0.525029 0.019209 1.133645 0.041109
10.563581 2.133772 0.525168 0.019003 1.121526 0.040228
10.712364 2.110676 0.525209 0.018762 1.109309 0.039299
10.861146 2.087847 0.525132 0.018486 1.096950 0.038320
11.009929 2.065257 0.524910 0.018172 1.084397 0.037290
11.158712 2.042872 0.524517 0.017819 1.071589 0.036207
11.307495 2.020649 0.523919 0.017426 1.058457 0.035071
11.456278 1.998540 0.523077 0.016993 1.044922 0.033881
11.605061 1.976490 0.521947 0.016523 1.030894 0.032641
11.753843 1.954442 0.520478 0.016015 1.016275 0.031353
11.902626 1.932333 0.518612 0.015475 1.000955 0.030023
12.051409 1.910100 0.516282 0.014907 0.984812 0.028659
12.200192 1.887679 0.513411 0.014318 0.967714 0.027271
12.348975 1.865011 0.509912 0.013715 0.949517 0.025873
12.497758 1.842040 0.505686 0.013111 0.930067 0.024480
12.646540 1.818722 0.500622 0.012518 0.909195 0.023115
12.795323 1.795020 0.494594 0.011952 0.886723 0.021802
12.944106 1.770916 0.487460 0.011434 0.862461 0.020572
13.092889 1.746413 0.479060 0.010986 0.836207 0.019461
13.241672 1.721536 0.469216 0.010635 0.807746 0.018512
13.390455 1.696344 0.457728 0.010413 0.776854 0.017775
13.539237 1.670930 0.444373 0.010357 0.743297 0.017307
13.688020 1.645433 0.428903 0.010510 0.706828 0.017177
13.836803 1.620042 0.411042 0.010919 0.667194 0.017461
13.985586 1.595004 0.390484 0.011640 0.624131 0.018246
14.134369 1.570634 0.366891 0.012735 0.577368 0.019632
14.283152 1.547328 0.339889 0.014275 0.526627 0.021734
14.431934 1.525565 0.309063 0.016341 0.471628 0.024677
14.580717 1.505929 0.273960 0.019020 0.412082 0.028607
14.729500 1.489113 0.234080 0.022414 0.347703 0.033684
